           1
         150
  0.50000000    0.00000000
  0.49956142    0.02093783
  0.49824643    0.04183892
  0.49605735    0.06266662
  0.49299802    0.08338437
  0.48907380    0.10395585
  0.48429158    0.12434494
  0.47865975    0.14451590
  0.47218819    0.16443332
  0.46488824    0.18406228
  0.45677273    0.20336832
  0.44785588    0.22231759
  0.43815334    0.24087684
  0.42768213    0.25901350
  0.41646062    0.27669577
  0.40450850    0.29389263
  0.39184673    0.31057389
  0.37849753    0.32671030
  0.36448431    0.34227355
  0.34983167    0.35723634
  0.33456530    0.37157241
  0.31871199    0.38525662
  0.30229956    0.39826496
  0.28535678    0.41057460
  0.26791340    0.42216396
  0.25000000    0.43301270
  0.23164802    0.44310179
  0.21288965    0.45241353
  0.19375779    0.46093158
  0.17428602    0.46864099
  0.15450850    0.47552826
  0.13445991    0.48158128
  0.11417544    0.48678945
  0.09369066    0.49114363
  0.07304151    0.49463617
  0.05226423    0.49726095
  0.03139526    0.49901336
  0.01047121    0.49989034
 -0.01047121    0.49989034
 -0.03139526    0.49901336
 -0.05226423    0.49726095
 -0.07304151    0.49463617
 -0.09369066    0.49114363
 -0.11417544    0.48678945
 -0.13445991    0.48158128
 -0.15450850    0.47552826
 -0.17428602    0.46864099
 -0.19375779    0.46093158
 -0.21288965    0.45241353
 -0.23164802    0.44310179
 -0.25000000    0.43301270
 -0.26791340    0.42216396
 -0.28535678    0.41057460
 -0.30229956    0.39826496
 -0.31871199    0.38525662
 -0.33456530    0.37157241
 -0.34983167    0.35723634
 -0.36448431    0.34227355
 -0.37849753    0.32671030
 -0.39184673    0.31057389
 -0.40450850    0.29389263
 -0.41646062    0.27669577
 -0.42768213    0.25901350
 -0.43815334    0.24087684
 -0.44785588    0.22231759
 -0.45677273    0.20336832
 -0.46488824    0.18406228
 -0.47218819    0.16443332
 -0.47865975    0.14451590
 -0.48429158    0.12434494
 -0.48907380    0.10395585
 -0.49299802    0.08338437
 -0.49605735    0.06266662
 -0.49824643    0.04183892
 -0.49956142    0.02093783
 -0.50000000    0.00000000
 -0.49956142   -0.02093783
 -0.49824643   -0.04183892
 -0.49605735   -0.06266662
 -0.49299802   -0.08338437
 -0.48907380   -0.10395585
 -0.48429158   -0.12434494
 -0.47865975   -0.14451590
 -0.47218819   -0.16443332
 -0.46488824   -0.18406228
 -0.45677273   -0.20336832
 -0.44785588   -0.22231759
 -0.43815334   -0.24087684
 -0.42768213   -0.25901350
 -0.41646062   -0.27669577
 -0.40450850   -0.29389263
 -0.39184673   -0.31057389
 -0.37849753   -0.32671030
 -0.36448431   -0.34227355
 -0.34983167   -0.35723634
 -0.33456530   -0.37157241
 -0.31871199   -0.38525662
 -0.30229956   -0.39826496
 -0.28535678   -0.41057460
 -0.26791340   -0.42216396
 -0.25000000   -0.43301270
 -0.23164802   -0.44310179
 -0.21288965   -0.45241353
 -0.19375779   -0.46093158
 -0.17428602   -0.46864099
 -0.15450850   -0.47552826
 -0.13445991   -0.48158128
 -0.11417544   -0.48678945
 -0.09369066   -0.49114363
 -0.07304151   -0.49463617
 -0.05226423   -0.49726095
 -0.03139526   -0.49901336
 -0.01047121   -0.49989034
  0.01047121   -0.49989034
  0.03139526   -0.49901336
  0.05226423   -0.49726095
  0.07304151   -0.49463617
  0.09369066   -0.49114363
  0.11417544   -0.48678945
  0.13445991   -0.48158128
  0.15450850   -0.47552826
  0.17428602   -0.46864099
  0.19375779   -0.46093158
  0.21288965   -0.45241353
  0.23164802   -0.44310179
  0.25000000   -0.43301270
  0.26791340   -0.42216396
  0.28535678   -0.41057460
  0.30229956   -0.39826496
  0.31871199   -0.38525662
  0.33456530   -0.37157241
  0.34983167   -0.35723634
  0.36448431   -0.34227355
  0.37849753   -0.32671030
  0.39184673   -0.31057389
  0.40450850   -0.29389263
  0.41646062   -0.27669577
  0.42768213   -0.25901350
  0.43815334   -0.24087684
  0.44785588   -0.22231759
  0.45677273   -0.20336832
  0.46488824   -0.18406228
  0.47218819   -0.16443332
  0.47865975   -0.14451590
  0.48429158   -0.12434494
  0.48907380   -0.10395585
  0.49299802   -0.08338437
  0.49605735   -0.06266662
  0.49824643   -0.04183892
  0.49956142   -0.02093783
  0.50000000   -0.00000000
