           1
         100
  0.50000000    0.00000000
  0.49901336    0.03139526
  0.49605735    0.06266662
  0.49114363    0.09369066
  0.48429158    0.12434494
  0.47552826    0.15450850
  0.46488824    0.18406228
  0.45241353    0.21288965
  0.43815334    0.24087684
  0.42216396    0.26791340
  0.40450850    0.29389263
  0.38525662    0.31871199
  0.36448431    0.34227355
  0.34227355    0.36448431
  0.31871199    0.38525662
  0.29389263    0.40450850
  0.26791340    0.42216396
  0.24087684    0.43815334
  0.21288965    0.45241353
  0.18406228    0.46488824
  0.15450850    0.47552826
  0.12434494    0.48429158
  0.09369066    0.49114363
  0.06266662    0.49605735
  0.03139526    0.49901336
  0.00000000    0.50000000
 -0.03139526    0.49901336
 -0.06266662    0.49605735
 -0.09369066    0.49114363
 -0.12434494    0.48429158
 -0.15450850    0.47552826
 -0.18406228    0.46488824
 -0.21288965    0.45241353
 -0.24087684    0.43815334
 -0.26791340    0.42216396
 -0.29389263    0.40450850
 -0.31871199    0.38525662
 -0.34227355    0.36448431
 -0.36448431    0.34227355
 -0.38525662    0.31871199
 -0.40450850    0.29389263
 -0.42216396    0.26791340
 -0.43815334    0.24087684
 -0.45241353    0.21288965
 -0.46488824    0.18406228
 -0.47552826    0.15450850
 -0.48429158    0.12434494
 -0.49114363    0.09369066
 -0.49605735    0.06266662
 -0.49901336    0.03139526
 -0.50000000    0.00000000
 -0.49901336   -0.03139526
 -0.49605735   -0.06266662
 -0.49114363   -0.09369066
 -0.48429158   -0.12434494
 -0.47552826   -0.15450850
 -0.46488824   -0.18406228
 -0.45241353   -0.21288965
 -0.43815334   -0.24087684
 -0.42216396   -0.26791340
 -0.40450850   -0.29389263
 -0.38525662   -0.31871199
 -0.36448431   -0.34227355
 -0.34227355   -0.36448431
 -0.31871199   -0.38525662
 -0.29389263   -0.40450850
 -0.26791340   -0.42216396
 -0.24087684   -0.43815334
 -0.21288965   -0.45241353
 -0.18406228   -0.46488824
 -0.15450850   -0.47552826
 -0.12434494   -0.48429158
 -0.09369066   -0.49114363
 -0.06266662   -0.49605735
 -0.03139526   -0.49901336
 -0.00000000   -0.50000000
  0.03139526   -0.49901336
  0.06266662   -0.49605735
  0.09369066   -0.49114363
  0.12434494   -0.48429158
  0.15450850   -0.47552826
  0.18406228   -0.46488824
  0.21288965   -0.45241353
  0.24087684   -0.43815334
  0.26791340   -0.42216396
  0.29389263   -0.40450850
  0.31871199   -0.38525662
  0.34227355   -0.36448431
  0.36448431   -0.34227355
  0.38525662   -0.31871199
  0.40450850   -0.29389263
  0.42216396   -0.26791340
  0.43815334   -0.24087684
  0.45241353   -0.21288965
  0.46488824   -0.18406228
  0.47552826   -0.15450850
  0.48429158   -0.12434494
  0.49114363   -0.09369066
  0.49605735   -0.06266662
  0.49901336   -0.03139526
  0.50000000   -0.00000000
