           1
         200
  0.50000000    0.00000000
  0.49975328    0.01570538
  0.49901336    0.03139526
  0.49778098    0.04705416
  0.49605735    0.06266662
  0.49384417    0.07821723
  0.49114363    0.09369066
  0.48795838    0.10907162
  0.48429158    0.12434494
  0.48014684    0.13949555
  0.47552826    0.15450850
  0.47044038    0.16936896
  0.46488824    0.18406228
  0.45887731    0.19857395
  0.45241353    0.21288965
  0.44550326    0.22699525
  0.43815334    0.24087684
  0.43037101    0.25452071
  0.42216396    0.26791340
  0.41354029    0.28104169
  0.40450850    0.29389263
  0.39507751    0.30645353
  0.38525662    0.31871199
  0.37505553    0.33065593
  0.36448431    0.34227355
  0.35355339    0.35355339
  0.34227355    0.36448431
  0.33065593    0.37505553
  0.31871199    0.38525662
  0.30645353    0.39507751
  0.29389263    0.40450850
  0.28104169    0.41354029
  0.26791340    0.42216396
  0.25452071    0.43037101
  0.24087684    0.43815334
  0.22699525    0.44550326
  0.21288965    0.45241353
  0.19857395    0.45887731
  0.18406228    0.46488824
  0.16936896    0.47044038
  0.15450850    0.47552826
  0.13949555    0.48014684
  0.12434494    0.48429158
  0.10907162    0.48795838
  0.09369066    0.49114363
  0.07821723    0.49384417
  0.06266662    0.49605735
  0.04705416    0.49778098
  0.03139526    0.49901336
  0.01570538    0.49975328
  0.00000000    0.50000000
 -0.01570538    0.49975328
 -0.03139526    0.49901336
 -0.04705416    0.49778098
 -0.06266662    0.49605735
 -0.07821723    0.49384417
 -0.09369066    0.49114363
 -0.10907162    0.48795838
 -0.12434494    0.48429158
 -0.13949555    0.48014684
 -0.15450850    0.47552826
 -0.16936896    0.47044038
 -0.18406228    0.46488824
 -0.19857395    0.45887731
 -0.21288965    0.45241353
 -0.22699525    0.44550326
 -0.24087684    0.43815334
 -0.25452071    0.43037101
 -0.26791340    0.42216396
 -0.28104169    0.41354029
 -0.29389263    0.40450850
 -0.30645353    0.39507751
 -0.31871199    0.38525662
 -0.33065593    0.37505553
 -0.34227355    0.36448431
 -0.35355339    0.35355339
 -0.36448431    0.34227355
 -0.37505553    0.33065593
 -0.38525662    0.31871199
 -0.39507751    0.30645353
 -0.40450850    0.29389263
 -0.41354029    0.28104169
 -0.42216396    0.26791340
 -0.43037101    0.25452071
 -0.43815334    0.24087684
 -0.44550326    0.22699525
 -0.45241353    0.21288965
 -0.45887731    0.19857395
 -0.46488824    0.18406228
 -0.47044038    0.16936896
 -0.47552826    0.15450850
 -0.48014684    0.13949555
 -0.48429158    0.12434494
 -0.48795838    0.10907162
 -0.49114363    0.09369066
 -0.49384417    0.07821723
 -0.49605735    0.06266662
 -0.49778098    0.04705416
 -0.49901336    0.03139526
 -0.49975328    0.01570538
 -0.50000000    0.00000000
 -0.49975328   -0.01570538
 -0.49901336   -0.03139526
 -0.49778098   -0.04705416
 -0.49605735   -0.06266662
 -0.49384417   -0.07821723
 -0.49114363   -0.09369066
 -0.48795838   -0.10907162
 -0.48429158   -0.12434494
 -0.48014684   -0.13949555
 -0.47552826   -0.15450850
 -0.47044038   -0.16936896
 -0.46488824   -0.18406228
 -0.45887731   -0.19857395
 -0.45241353   -0.21288965
 -0.44550326   -0.22699525
 -0.43815334   -0.24087684
 -0.43037101   -0.25452071
 -0.42216396   -0.26791340
 -0.41354029   -0.28104169
 -0.40450850   -0.29389263
 -0.39507751   -0.30645353
 -0.38525662   -0.31871199
 -0.37505553   -0.33065593
 -0.36448431   -0.34227355
 -0.35355339   -0.35355339
 -0.34227355   -0.36448431
 -0.33065593   -0.37505553
 -0.31871199   -0.38525662
 -0.30645353   -0.39507751
 -0.29389263   -0.40450850
 -0.28104169   -0.41354029
 -0.26791340   -0.42216396
 -0.25452071   -0.43037101
 -0.24087684   -0.43815334
 -0.22699525   -0.44550326
 -0.21288965   -0.45241353
 -0.19857395   -0.45887731
 -0.18406228   -0.46488824
 -0.16936896   -0.47044038
 -0.15450850   -0.47552826
 -0.13949555   -0.48014684
 -0.12434494   -0.48429158
 -0.10907162   -0.48795838
 -0.09369066   -0.49114363
 -0.07821723   -0.49384417
 -0.06266662   -0.49605735
 -0.04705416   -0.49778098
 -0.03139526   -0.49901336
 -0.01570538   -0.49975328
 -0.00000000   -0.50000000
  0.01570538   -0.49975328
  0.03139526   -0.49901336
  0.04705416   -0.49778098
  0.06266662   -0.49605735
  0.07821723   -0.49384417
  0.09369066   -0.49114363
  0.10907162   -0.48795838
  0.12434494   -0.48429158
  0.13949555   -0.48014684
  0.15450850   -0.47552826
  0.16936896   -0.47044038
  0.18406228   -0.46488824
  0.19857395   -0.45887731
  0.21288965   -0.45241353
  0.22699525   -0.44550326
  0.24087684   -0.43815334
  0.25452071   -0.43037101
  0.26791340   -0.42216396
  0.28104169   -0.41354029
  0.29389263   -0.40450850
  0.30645353   -0.39507751
  0.31871199   -0.38525662
  0.33065593   -0.37505553
  0.34227355   -0.36448431
  0.35355339   -0.35355339
  0.36448431   -0.34227355
  0.37505553   -0.33065593
  0.38525662   -0.31871199
  0.39507751   -0.30645353
  0.40450850   -0.29389263
  0.41354029   -0.28104169
  0.42216396   -0.26791340
  0.43037101   -0.25452071
  0.43815334   -0.24087684
  0.44550326   -0.22699525
  0.45241353   -0.21288965
  0.45887731   -0.19857395
  0.46488824   -0.18406228
  0.47044038   -0.16936896
  0.47552826   -0.15450850
  0.48014684   -0.13949555
  0.48429158   -0.12434494
  0.48795838   -0.10907162
  0.49114363   -0.09369066
  0.49384417   -0.07821723
  0.49605735   -0.06266662
  0.49778098   -0.04705416
  0.49901336   -0.03139526
  0.49975328   -0.01570538
  0.50000000   -0.00000000
