           1
         100
  0.98480775   -0.17364818
  0.96581174   -0.16620454
  0.94658534   -0.16006744
  0.92734781   -0.15399348
  0.90809955   -0.14798038
  0.88884091   -0.14202613
  0.86957221   -0.13612898
  0.85029369   -0.13028745
  0.83100559   -0.12450033
  0.81170805   -0.11876669
  0.79240120   -0.11308587
  0.77308510   -0.10745750
  0.75375977   -0.10188150
  0.73442516   -0.09635808
  0.71508120   -0.09088773
  0.69572773   -0.08547129
  0.67636457   -0.08010987
  0.65699144   -0.07480492
  0.63760804   -0.06955824
  0.61821399   -0.06437193
  0.59880886   -0.05924849
  0.57939214   -0.05419077
  0.55996326   -0.04920201
  0.54052158   -0.04428585
  0.52106638   -0.03944637
  0.50159685   -0.03468812
  0.47100327   -0.02739486
  0.44048927   -0.02036381
  0.41017156   -0.01364376
  0.38016610   -0.00728213
  0.35058775   -0.00132433
  0.32154985    0.00418700
  0.29316393    0.00921262
  0.26553930    0.01371736
  0.23878273    0.01767069
  0.21299809    0.02104715
  0.18828595    0.02382670
  0.16474322    0.02599482
  0.14246273    0.02754257
  0.12153286    0.02846631
  0.10203709    0.02876742
  0.08405358    0.02845168
  0.06765479    0.02752864
  0.05290698    0.02601082
  0.03986989    0.02391283
  0.02859629    0.02125046
  0.01913165    0.01803980
  0.01151383    0.01429632
  0.00577277    0.01003418
  0.00193031    0.00526552
  0.00000000    0.00000000
  0.00001298   -0.00560817
  0.00199274   -0.01140345
  0.00592983   -0.01737211
  0.01180790   -0.02349527
  0.01960363   -0.02974941
  0.02928677   -0.03610701
  0.04082008   -0.04253743
  0.05415935   -0.04900776
  0.06925348   -0.05548385
  0.08604446   -0.06193127
  0.10446748   -0.06831627
  0.12445107   -0.07460667
  0.14591724   -0.08077264
  0.16878171   -0.08678736
  0.19295419   -0.09262749
  0.21833864   -0.09827352
  0.24483370   -0.10370989
  0.27233308   -0.10892500
  0.30072599   -0.11391102
  0.32989767   -0.11866361
  0.35972992   -0.12318150
  0.39010163   -0.12746599
  0.42088935   -0.13152048
  0.45196789   -0.13534986
  0.48321090   -0.13896006
  0.50313368   -0.14114773
  0.52307079   -0.14325419
  0.54302142   -0.14528395
  0.56298485   -0.14724111
  0.58296044   -0.14912932
  0.60294762   -0.15095181
  0.62294589   -0.15271143
  0.64295480   -0.15441067
  0.66297398   -0.15605165
  0.68300312   -0.15763616
  0.70304196   -0.15916564
  0.72309031   -0.16064123
  0.74314802   -0.16206373
  0.76321499   -0.16343365
  0.78329121   -0.16475121
  0.80337667   -0.16601632
  0.82347144   -0.16722861
  0.84357564   -0.16838742
  0.86368944   -0.16949181
  0.88381304   -0.17054059
  0.90394672   -0.17153227
  0.92409077   -0.17246510
  0.94424555   -0.17333706
  0.96441146   -0.17414589
  0.98480775   -0.17364818
