           1
         200
  0.99862953   -0.05233596
  0.98878216   -0.04916176
  0.97886796   -0.04726283
  0.96895288   -0.04538055
  0.95903695   -0.04351459
  0.94912018   -0.04166462
  0.93920258   -0.03983036
  0.92928418   -0.03801153
  0.91936498   -0.03620786
  0.90944501   -0.03441910
  0.89952426   -0.03264503
  0.88960275   -0.03088543
  0.87968050   -0.02914010
  0.86975750   -0.02740887
  0.85983378   -0.02569157
  0.84990933   -0.02398807
  0.83998417   -0.02229822
  0.83005830   -0.02062193
  0.82013172   -0.01895910
  0.81020444   -0.01730965
  0.80027646   -0.01567354
  0.79034779   -0.01405071
  0.78041842   -0.01244116
  0.77048835   -0.01084488
  0.76055759   -0.00926189
  0.75062613   -0.00769222
  0.74069397   -0.00613593
  0.73076110   -0.00459309
  0.72082752   -0.00306379
  0.71089323   -0.00154816
  0.70095821   -0.00004632
  0.69102247    0.00144158
  0.68108598    0.00291536
  0.67114875    0.00437483
  0.66121075    0.00581978
  0.65127198    0.00724995
  0.64133242    0.00866511
  0.63139206    0.01006497
  0.62145088    0.01144922
  0.61150887    0.01281754
  0.60156600    0.01416958
  0.59162226    0.01550496
  0.58167763    0.01682330
  0.57173208    0.01812416
  0.56178560    0.01940709
  0.55183814    0.02067163
  0.54188970    0.02191726
  0.53194024    0.02314346
  0.52198973    0.02434967
  0.51203814    0.02553530
  0.50208542    0.02669972
  0.48645201    0.02848411
  0.47083105    0.03021020
  0.45523785    0.03187364
  0.43968763    0.03347012
  0.42419561    0.03499539
  0.40877693    0.03644528
  0.39344668    0.03781572
  0.37821985    0.03910274
  0.36311133    0.04030254
  0.34813589    0.04141144
  0.33330821    0.04242598
  0.31864278    0.04334286
  0.30415397    0.04415903
  0.28985597    0.04487164
  0.27576279    0.04547814
  0.26188826    0.04597621
  0.24824597    0.04636383
  0.23484934    0.04663927
  0.22171151    0.04680110
  0.20884541    0.04684821
  0.19626369    0.04677980
  0.18397873    0.04659538
  0.17200265    0.04629480
  0.16034725    0.04587821
  0.14902405    0.04534606
  0.13804422    0.04469911
  0.12741862    0.04393840
  0.11715778    0.04306526
  0.10727185    0.04208125
  0.09777063    0.04098818
  0.08866355    0.03978808
  0.07995965    0.03848316
  0.07166758    0.03707579
  0.06379558    0.03556849
  0.05635148    0.03396388
  0.04934268    0.03226467
  0.04277616    0.03047362
  0.03665845    0.02859350
  0.03099563    0.02662707
  0.02579334    0.02457707
  0.02105674    0.02244615
  0.01679054    0.02023689
  0.01299894    0.01795171
  0.00968571    0.01559294
  0.00685410    0.01316268
  0.00450687    0.01066290
  0.00264632    0.00809534
  0.00127421    0.00546151
  0.00039184    0.00276271
  0.00000000    0.00000001
  0.00010092   -0.00278853
  0.00069635   -0.00556478
  0.00178563   -0.00832761
  0.00336761   -0.01107559
  0.00544068   -0.01380703
  0.00800275   -0.01651995
  0.01105127   -0.01921213
  0.01458323   -0.02188112
  0.01859513   -0.02452422
  0.02308304   -0.02713857
  0.02804255   -0.02972113
  0.03346880   -0.03226871
  0.03935647   -0.03477801
  0.04569980   -0.03724564
  0.05249259   -0.03966815
  0.05972818   -0.04204209
  0.06739951   -0.04436398
  0.07549904   -0.04663040
  0.08401886   -0.04883798
  0.09295060   -0.05098346
  0.10228551   -0.05306369
  0.11201443   -0.05507567
  0.12212780   -0.05701658
  0.13261567   -0.05888379
  0.14346772   -0.06067490
  0.15467328   -0.06238773
  0.16622128   -0.06402037
  0.17810033   -0.06557114
  0.19029871   -0.06703867
  0.20280436   -0.06842186
  0.21560491   -0.06971988
  0.22868768   -0.07093222
  0.24203972   -0.07205862
  0.25564778   -0.07309913
  0.26949837   -0.07405407
  0.28357774   -0.07492403
  0.29787190   -0.07570987
  0.31236666   -0.07641267
  0.32704759   -0.07703376
  0.34190009   -0.07757470
  0.35690940   -0.07803723
  0.37206057   -0.07842327
  0.38733852   -0.07873494
  0.40272804   -0.07897445
  0.41821380   -0.07914419
  0.43378039   -0.07924664
  0.44941230   -0.07928434
  0.46509397   -0.07925995
  0.48080977   -0.07917615
  0.49654407   -0.07903568
  0.50656398   -0.07891798
  0.51658498   -0.07877907
  0.52660707   -0.07861958
  0.53663020   -0.07844010
  0.54665434   -0.07824118
  0.55667948   -0.07802336
  0.56670559   -0.07778715
  0.57673263   -0.07753301
  0.58676059   -0.07726139
  0.59678944   -0.07697273
  0.60681916   -0.07666741
  0.61684974   -0.07634581
  0.62688115   -0.07600827
  0.63691338   -0.07565514
  0.64694642   -0.07528670
  0.65698024   -0.07490324
  0.66701483   -0.07450502
  0.67705018   -0.07409227
  0.68708629   -0.07366520
  0.69712313   -0.07322402
  0.70716071   -0.07276890
  0.71719901   -0.07229999
  0.72723802   -0.07181741
  0.73727775   -0.07132129
  0.74731817   -0.07081172
  0.75735930   -0.07028877
  0.76740113   -0.06975250
  0.77744366   -0.06920293
  0.78748688   -0.06864010
  0.79753079   -0.06806400
  0.80757541   -0.06747460
  0.81762072   -0.06687187
  0.82766673   -0.06625576
  0.83771345   -0.06562619
  0.84776088   -0.06498306
  0.85780902   -0.06432627
  0.86785789   -0.06365570
  0.87790748   -0.06297118
  0.88795782   -0.06227258
  0.89800890   -0.06155969
  0.90806075   -0.06083234
  0.91811336   -0.06009030
  0.92816675   -0.05933335
  0.93822094   -0.05856124
  0.94827594   -0.05777370
  0.95833176   -0.05697045
  0.96838842   -0.05615121
  0.97844593   -0.05531564
  0.98850431   -0.05446343
  0.99862953   -0.05233596
