           1
         100
  0.99756405   -0.06975647
  0.97789402   -0.06433924
  0.95813145   -0.06024546
  0.93836440   -0.05621564
  0.91859305   -0.05224747
  0.89881752   -0.04833892
  0.87903795   -0.04448820
  0.85925444   -0.04069383
  0.83946708   -0.03695457
  0.81967593   -0.03326948
  0.79988103   -0.02963790
  0.78008243   -0.02605944
  0.76028011   -0.02253403
  0.74047407   -0.01906188
  0.72066427   -0.01564350
  0.70085065   -0.01227972
  0.68103313   -0.00897167
  0.66121161   -0.00572083
  0.64138597   -0.00252900
  0.62155605    0.00060166
  0.60172168    0.00366865
  0.58188265    0.00666906
  0.56203873    0.00959963
  0.54218968    0.01245665
  0.52233519    0.01523599
  0.50247495    0.01793306
  0.47128661    0.02198846
  0.44020482    0.02579141
  0.40935075    0.02930559
  0.37884471    0.03249594
  0.34880563    0.03532933
  0.31935071    0.03777518
  0.29059496    0.03980613
  0.26265079    0.04139863
  0.23562756    0.04253348
  0.20963124    0.04319622
  0.18476394    0.04337741
  0.16112354    0.04307277
  0.13880332    0.04228310
  0.11789155    0.04101402
  0.09847110    0.03927561
  0.08061912    0.03708181
  0.06440664    0.03444968
  0.04989828    0.03139861
  0.03715191    0.02794937
  0.02621836    0.02412318
  0.01714117    0.01994077
  0.00995638    0.01542153
  0.00469229    0.01058263
  0.00136934    0.00543845
  0.00000000    0.00000000
  0.00059913   -0.00557609
  0.00317380   -0.01113268
  0.00771322   -0.01665711
  0.01419914   -0.02213230
  0.02260590   -0.02753730
  0.03290055   -0.03284791
  0.04504283   -0.03803754
  0.05898537   -0.04307809
  0.07467375   -0.04794094
  0.09204668   -0.05259791
  0.11103619   -0.05702220
  0.13156783   -0.06118929
  0.15356093   -0.06507766
  0.17692886   -0.06866944
  0.20157937   -0.07195087
  0.22741494   -0.07491257
  0.25433311   -0.07754967
  0.28222697   -0.07986174
  0.31098552   -0.08185258
  0.34049418   -0.08352986
  0.37063525   -0.08490468
  0.40128843   -0.08599100
  0.43233130   -0.08680508
  0.46363988   -0.08736489
  0.49508910   -0.08768953
  0.51513142   -0.08778272
  0.53517950   -0.08779364
  0.55523300   -0.08772688
  0.57529165   -0.08758657
  0.59535518   -0.08737641
  0.61542337   -0.08709969
  0.63549601   -0.08675929
  0.65557293   -0.08635772
  0.67565398   -0.08589714
  0.69573902   -0.08537935
  0.71582797   -0.08480582
  0.73592073   -0.08417770
  0.75601725   -0.08349581
  0.77611749   -0.08276066
  0.79622145   -0.08197246
  0.81632911   -0.08113114
  0.83644053   -0.08023631
  0.85655572   -0.07928731
  0.87667478   -0.07828319
  0.89679777   -0.07722273
  0.91692481   -0.07610444
  0.93705601   -0.07492653
  0.95719153   -0.07368697
  0.97733152   -0.07238345
  0.99756405   -0.06975647
