           1
         100
  0.99939083   -0.03489950
  0.97954372   -0.03017203
  0.95965032   -0.02677045
  0.93975467   -0.02343295
  0.91985688   -0.02015721
  0.89995699   -0.01694119
  0.88005508   -0.01378312
  0.86015120   -0.01068149
  0.84024539   -0.00763508
  0.82033769   -0.00464294
  0.80042812   -0.00170440
  0.78051668    0.00118092
  0.76060339    0.00401309
  0.74068824    0.00679190
  0.72077121    0.00951685
  0.70085226    0.01218710
  0.68093137    0.01480151
  0.66100848    0.01735861
  0.64108352    0.01985659
  0.62115642    0.02229329
  0.60122709    0.02466619
  0.58129543    0.02697241
  0.56136133    0.02920865
  0.54142466    0.03137121
  0.52148527    0.03345594
  0.50154300    0.03545825
  0.47023213    0.03842273
  0.43903655    0.04113862
  0.40807864    0.04357387
  0.37747983    0.04569763
  0.34736017    0.04748095
  0.31783783    0.04889734
  0.28902873    0.04992349
  0.26104600    0.05053979
  0.23399963    0.05073085
  0.20799601    0.05048593
  0.18313753    0.04979916
  0.15952217    0.04866967
  0.13724311    0.04710150
  0.11638836    0.04510339
  0.09704042    0.04268828
  0.07927587    0.03987279
  0.06316513    0.03667646
  0.04877209    0.03312091
  0.03615386    0.02922893
  0.02536050    0.02502349
  0.01643481    0.02052685
  0.00941211    0.01575961
  0.00432010    0.01073994
  0.00117871    0.00548292
  0.00000000    0.00000000
  0.00079336   -0.00555179
  0.00356040   -0.01101514
  0.00828985   -0.01637777
  0.01496289   -0.02162328
  0.02355317   -0.02673159
  0.03402688   -0.03167969
  0.04634288   -0.03644240
  0.06045284   -0.04099329
  0.07630137   -0.04530566
  0.09382625   -0.04935349
  0.11295860   -0.05311236
  0.13362316   -0.05656036
  0.15573856   -0.05967881
  0.17921761   -0.06245288
  0.20396762   -0.06487202
  0.22989081   -0.06693026
  0.25688463   -0.06862633
  0.28484218   -0.06996351
  0.31365269   -0.07094948
  0.34320191   -0.07159591
  0.37337260   -0.07191798
  0.40404502   -0.07193385
  0.43509739   -0.07166405
  0.46640643   -0.07113087
  0.49784783   -0.07035775
  0.51788119   -0.06975142
  0.53791743   -0.06906266
  0.55795639   -0.06829608
  0.57799793   -0.06745583
  0.59804190   -0.06654559
  0.61808821   -0.06556866
  0.63813674   -0.06452794
  0.65818742   -0.06342594
  0.67824015   -0.06226483
  0.69829489   -0.06104640
  0.71835158   -0.05977212
  0.73841018   -0.05844316
  0.75847066   -0.05706032
  0.77853301   -0.05562413
  0.79859721   -0.05413480
  0.81866326   -0.05259224
  0.83873120   -0.05099608
  0.85880102   -0.04934564
  0.87887277   -0.04763999
  0.89894650   -0.04587790
  0.91902225   -0.04405786
  0.93910008   -0.04217810
  0.95918007   -0.04023658
  0.97926230   -0.03823098
  0.99939083   -0.03489950
