           1
         200
  1.00000000    0.00000000
  0.99000000    0.00265447
  0.98000000    0.00403193
  0.97000000    0.00539272
  0.96000000    0.00673717
  0.95000000    0.00806559
  0.94000000    0.00937829
  0.93000000    0.01067554
  0.92000000    0.01195761
  0.91000000    0.01322474
  0.90000000    0.01447717
  0.89000000    0.01571511
  0.88000000    0.01693876
  0.87000000    0.01814828
  0.86000000    0.01934386
  0.85000000    0.02052563
  0.84000000    0.02169371
  0.83000000    0.02284823
  0.82000000    0.02398927
  0.81000000    0.02511690
  0.80000000    0.02623118
  0.79000000    0.02733215
  0.78000000    0.02841984
  0.77000000    0.02949423
  0.76000000    0.03055532
  0.75000000    0.03160306
  0.74000000    0.03263741
  0.73000000    0.03365829
  0.72000000    0.03466560
  0.71000000    0.03565924
  0.70000000    0.03663907
  0.69000000    0.03760493
  0.68000000    0.03855666
  0.67000000    0.03949405
  0.66000000    0.04041690
  0.65000000    0.04132496
  0.64000000    0.04221798
  0.63000000    0.04309568
  0.62000000    0.04395775
  0.61000000    0.04480387
  0.60000000    0.04563369
  0.59000000    0.04644683
  0.58000000    0.04724290
  0.57000000    0.04802146
  0.56000000    0.04878208
  0.55000000    0.04952428
  0.54000000    0.05024754
  0.53000000    0.05095135
  0.52000000    0.05163514
  0.51000000    0.05229831
  0.49999998    0.05294025
  0.48429460    0.05390400
  0.46860472    0.05481019
  0.45294582    0.05565526
  0.43733336    0.05643572
  0.42178274    0.05714811
  0.40630932    0.05778906
  0.39092835    0.05835530
  0.37565503    0.05884365
  0.36050442    0.05925108
  0.34549148    0.05957472
  0.33063101    0.05981184
  0.31593770    0.05995994
  0.30142603    0.06001670
  0.28711033    0.05998004
  0.27300472    0.05984813
  0.25912314    0.05961938
  0.24547927    0.05929248
  0.23208658    0.05886642
  0.21895829    0.05834044
  0.20610735    0.05771413
  0.19354645    0.05698733
  0.18128798    0.05616023
  0.16934404    0.05523328
  0.15772642    0.05420726
  0.14644659    0.05308323
  0.13551566    0.05186252
  0.12494444    0.05054676
  0.11474336    0.04913780
  0.10492247    0.04763775
  0.09549148    0.04604893
  0.08645969    0.04437384
  0.07783602    0.04261518
  0.06962897    0.04077577
  0.06184664    0.03885854
  0.05449672    0.03686654
  0.04758646    0.03480285
  0.04112267    0.03267059
  0.03511174    0.03047287
  0.02955960    0.02821277
  0.02447173    0.02589331
  0.01985315    0.02351742
  0.01570841    0.02108790
  0.01204161    0.01860742
  0.00885637    0.01607848
  0.00615582    0.01350336
  0.00394264    0.01088416
  0.00221901    0.00822274
  0.00098663    0.00552071
  0.00024672    0.00277943
  0.00000000    0.00000001
  0.00024672   -0.00277943
  0.00098663   -0.00552071
  0.00221901   -0.00822274
  0.00394264   -0.01088416
  0.00615582   -0.01350336
  0.00885637   -0.01607848
  0.01204161   -0.01860742
  0.01570841   -0.02108790
  0.01985315   -0.02351742
  0.02447173   -0.02589331
  0.02955960   -0.02821277
  0.03511174   -0.03047287
  0.04112267   -0.03267059
  0.04758646   -0.03480285
  0.05449672   -0.03686654
  0.06184664   -0.03885854
  0.06962897   -0.04077577
  0.07783602   -0.04261518
  0.08645969   -0.04437384
  0.09549148   -0.04604893
  0.10492247   -0.04763775
  0.11474336   -0.04913780
  0.12494444   -0.05054676
  0.13551566   -0.05186252
  0.14644659   -0.05308323
  0.15772642   -0.05420726
  0.16934404   -0.05523328
  0.18128798   -0.05616023
  0.19354645   -0.05698733
  0.20610735   -0.05771413
  0.21895829   -0.05834044
  0.23208658   -0.05886642
  0.24547927   -0.05929248
  0.25912314   -0.05961938
  0.27300472   -0.05984813
  0.28711033   -0.05998004
  0.30142603   -0.06001670
  0.31593770   -0.05995994
  0.33063101   -0.05981184
  0.34549148   -0.05957472
  0.36050442   -0.05925108
  0.37565503   -0.05884365
  0.39092835   -0.05835530
  0.40630932   -0.05778906
  0.42178274   -0.05714811
  0.43733336   -0.05643572
  0.45294582   -0.05565526
  0.46860472   -0.05481019
  0.48429460   -0.05390400
  0.49999998   -0.05294025
  0.51000000   -0.05229831
  0.52000000   -0.05163514
  0.53000000   -0.05095135
  0.54000000   -0.05024754
  0.55000000   -0.04952428
  0.56000000   -0.04878208
  0.57000000   -0.04802146
  0.58000000   -0.04724290
  0.59000000   -0.04644683
  0.60000000   -0.04563369
  0.61000000   -0.04480387
  0.62000000   -0.04395775
  0.63000000   -0.04309568
  0.64000000   -0.04221798
  0.65000000   -0.04132496
  0.66000000   -0.04041690
  0.67000000   -0.03949405
  0.68000000   -0.03855666
  0.69000000   -0.03760493
  0.70000000   -0.03663907
  0.71000000   -0.03565924
  0.72000000   -0.03466560
  0.73000000   -0.03365829
  0.74000000   -0.03263741
  0.75000000   -0.03160306
  0.76000000   -0.03055532
  0.77000000   -0.02949423
  0.78000000   -0.02841984
  0.79000000   -0.02733215
  0.80000000   -0.02623118
  0.81000000   -0.02511690
  0.82000000   -0.02398927
  0.83000000   -0.02284823
  0.84000000   -0.02169371
  0.85000000   -0.02052563
  0.86000000   -0.01934386
  0.87000000   -0.01814828
  0.88000000   -0.01693876
  0.89000000   -0.01571511
  0.90000000   -0.01447717
  0.91000000   -0.01322474
  0.92000000   -0.01195761
  0.93000000   -0.01067554
  0.94000000   -0.00937829
  0.95000000   -0.00806559
  0.96000000   -0.00673717
  0.97000000   -0.00539272
  0.98000000   -0.00403193
  0.99000000   -0.00265447
  1.00000000    0.00000000
