           1
         100
  0.99452190   -0.10452846
  0.97505291   -0.09842805
  0.95544525   -0.09364707
  0.93583088   -0.08892984
  0.91621005   -0.08427408
  0.89658298   -0.07967775
  0.87694985   -0.07513908
  0.85731081   -0.07065659
  0.83766600   -0.06622904
  0.81801552   -0.06185549
  0.79835942   -0.05753529
  0.77869776   -0.05326805
  0.75903054   -0.04905370
  0.73935774   -0.04489244
  0.71967931   -0.04078479
  0.69999515   -0.03673157
  0.68030516   -0.03273392
  0.66060917   -0.02879330
  0.64090699   -0.02491151
  0.62119841   -0.02109070
  0.60148316   -0.01733337
  0.58176093   -0.01364241
  0.56203138   -0.01002109
  0.54229412   -0.00647309
  0.52254873   -0.00300253
  0.50279471    0.00038601
  0.47176690    0.00552740
  0.44083676    0.01041277
  0.41012414    0.01500160
  0.37974802    0.01925465
  0.34982612    0.02313466
  0.32047450    0.02660699
  0.29180716    0.02964026
  0.26393558    0.03220703
  0.23696842    0.03428429
  0.21101107    0.03585388
  0.18616523    0.03690282
  0.16252861    0.03742341
  0.14019443    0.03741317
  0.11925110    0.03687468
  0.09978181    0.03581509
  0.08186414    0.03424565
  0.06556968    0.03218094
  0.05096368    0.02963806
  0.03810469    0.02663576
  0.02704427    0.02319347
  0.01782665    0.01933041
  0.01048852    0.01506466
  0.00505876    0.01041243
  0.00155830    0.00538734
  0.00000000    0.00000000
  0.00040416   -0.00559361
  0.00278335   -0.01123666
  0.00712720   -0.01691615
  0.01341808   -0.02261436
  0.02163109   -0.02830946
  0.03173413   -0.03397612
  0.04368790   -0.03958634
  0.05744603   -0.04511041
  0.07295514   -0.05051782
  0.09015497   -0.05577825
  0.10897850   -0.06086257
  0.12935221   -0.06574366
  0.15119620   -0.07039721
  0.17442455   -0.07480233
  0.19894553   -0.07894205
  0.22466199   -0.08280360
  0.25147174   -0.08637852
  0.27926791   -0.08966267
  0.30793946   -0.09265595
  0.33737161   -0.09536206
  0.36744634   -0.09778794
  0.39804294   -0.09994338
  0.42903849   -0.10184034
  0.46030845   -0.10349246
  0.49172718   -0.10491447
  0.51175404   -0.10570707
  0.53178953   -0.10641765
  0.55183315   -0.10705079
  0.57188447   -0.10761060
  0.59194312   -0.10810078
  0.61200874   -0.10852460
  0.63208103   -0.10888492
  0.65215973   -0.10918428
  0.67224462   -0.10942479
  0.69233550   -0.10960828
  0.71243222   -0.10973620
  0.73253466   -0.10980968
  0.75264274   -0.10982956
  0.77275640   -0.10979635
  0.79287561   -0.10971025
  0.81300039   -0.10957119
  0.83313078   -0.10937878
  0.85326685   -0.10913237
  0.87340869   -0.10883101
  0.89355643   -0.10847348
  0.91371023   -0.10805829
  0.93387028   -0.10758367
  0.95403679   -0.10704758
  0.97421001   -0.10644774
  0.99452190   -0.10452846
