           1
         200
  0.99619470   -0.08715574
  0.98646410   -0.08363981
  0.97662221   -0.08139604
  0.96677886   -0.07916887
  0.95693409   -0.07695798
  0.94708793   -0.07476306
  0.93724039   -0.07258380
  0.92739150   -0.07041992
  0.91754130   -0.06827118
  0.90768979   -0.06613731
  0.89783700   -0.06401809
  0.88798294   -0.06191330
  0.87812764   -0.05982276
  0.86827111   -0.05774627
  0.85841337   -0.05568369
  0.84855442   -0.05363486
  0.83869428   -0.05159966
  0.82883295   -0.04957798
  0.81897045   -0.04756973
  0.80910679   -0.04557483
  0.79924196   -0.04359323
  0.78937597   -0.04162489
  0.77950882   -0.03966979
  0.76964051   -0.03772793
  0.75977104   -0.03579932
  0.74990041   -0.03388400
  0.74002861   -0.03198203
  0.73015564   -0.03009348
  0.72028149   -0.02821844
  0.71040614   -0.02635703
  0.70052959   -0.02450938
  0.69065183   -0.02267563
  0.68077283   -0.02085597
  0.67089258   -0.01905058
  0.66101107   -0.01725969
  0.65112826   -0.01548353
  0.64124415   -0.01372234
  0.63135870   -0.01197643
  0.62147188   -0.01024608
  0.61158368   -0.00853162
  0.60169406   -0.00683340
  0.59180298   -0.00515180
  0.58191041   -0.00348721
  0.57201632   -0.00184005
  0.56212067   -0.00021076
  0.55222341    0.00140016
  0.54232450    0.00299223
  0.53242389    0.00456492
  0.52252154    0.00611766
  0.51261739    0.00764987
  0.50271140    0.00916093
  0.48714978    0.01148982
  0.47159858    0.01376002
  0.45607292    0.01596664
  0.44058789    0.01810485
  0.42515854    0.02016985
  0.40979986    0.02215697
  0.39452678    0.02406159
  0.37935414    0.02587924
  0.36429669    0.02760558
  0.34936908    0.02923645
  0.33458583    0.03076784
  0.31996134    0.03219598
  0.30550984    0.03351730
  0.29124542    0.03472848
  0.27718199    0.03582645
  0.26333329    0.03680844
  0.24971285    0.03767193
  0.23633399    0.03841473
  0.22320981    0.03903497
  0.21035319    0.03953107
  0.19777674    0.03990179
  0.18549284    0.04014623
  0.17351356    0.04026379
  0.16185072    0.04025422
  0.15051584    0.04011757
  0.13952013    0.03985420
  0.12887445    0.03946479
  0.11858939    0.03895028
  0.10867514    0.03831188
  0.09914156    0.03755107
  0.08999814    0.03666953
  0.08125401    0.03566916
  0.07291787    0.03455204
  0.06499806    0.03332039
  0.05750249    0.03197655
  0.05043866    0.03052299
  0.04381363    0.02896219
  0.03763403    0.02729672
  0.03190604    0.02552912
  0.02663537    0.02366193
  0.02182729    0.02169762
  0.01748658    0.01963858
  0.01361754    0.01748713
  0.01022401    0.01524542
  0.00730930    0.01291547
  0.00487626    0.01049913
  0.00292723    0.00799806
  0.00146404    0.00541372
  0.00048802    0.00274736
  0.00000000    0.00000000
  0.00000354   -0.00279036
  0.00050172   -0.00558570
  0.00149391   -0.00838486
  0.00297903   -0.01118638
  0.00495551   -0.01398850
  0.00742134   -0.01678918
  0.01037405   -0.01958612
  0.01381071   -0.02237674
  0.01772793   -0.02515825
  0.02212187   -0.02792763
  0.02698823   -0.03068170
  0.03232226   -0.03341710
  0.03811877   -0.03613035
  0.04437212   -0.03881785
  0.05107623   -0.04147596
  0.05822457   -0.04410097
  0.06581018   -0.04668917
  0.07382569   -0.04923688
  0.08226327   -0.05174045
  0.09111470   -0.05419634
  0.10037133   -0.05660108
  0.11002410   -0.05895137
  0.12006357   -0.06124405
  0.13047989   -0.06347614
  0.14126283   -0.06564489
  0.15240178   -0.06774775
  0.16388576   -0.06978241
  0.17570346   -0.07174681
  0.18784320   -0.07363917
  0.20029296   -0.07545795
  0.21304040   -0.07720192
  0.22607290   -0.07887009
  0.23937749   -0.08046179
  0.25294095   -0.08197658
  0.26674978   -0.08341432
  0.28079021   -0.08477511
  0.29504824   -0.08605933
  0.30950963   -0.08726756
  0.32415994   -0.08840063
  0.33898452   -0.08945959
  0.35396855   -0.09044565
  0.36909701   -0.09136023
  0.38435478   -0.09220489
  0.39972656   -0.09298135
  0.41519697   -0.09369143
  0.43075050   -0.09433708
  0.44637157   -0.09492031
  0.46204454   -0.09544321
  0.47775369   -0.09590794
  0.49348330   -0.09631667
  0.50350120   -0.09654873
  0.51352094   -0.09675963
  0.52354249   -0.09695001
  0.53356578   -0.09712044
  0.54359076   -0.09727148
  0.55361739   -0.09740367
  0.56364563   -0.09751750
  0.57367544   -0.09761345
  0.58370676   -0.09769198
  0.59373958   -0.09775349
  0.60377385   -0.09779838
  0.61380954   -0.09782704
  0.62384662   -0.09783981
  0.63388507   -0.09783701
  0.64392485   -0.09781894
  0.65396594   -0.09778589
  0.66400831   -0.09773811
  0.67405196   -0.09767584
  0.68409686   -0.09759929
  0.69414298   -0.09750866
  0.70419033   -0.09740412
  0.71423888   -0.09728583
  0.72428862   -0.09715390
  0.73433954   -0.09700847
  0.74439164   -0.09684961
  0.75444490   -0.09667741
  0.76449933   -0.09649192
  0.77455491   -0.09629317
  0.78461166   -0.09608118
  0.79466956   -0.09585596
  0.80472862   -0.09561747
  0.81478885   -0.09536569
  0.82485025   -0.09510055
  0.83491281   -0.09482199
  0.84497657   -0.09452990
  0.85504151   -0.09422419
  0.86510766   -0.09390472
  0.87517502   -0.09357135
  0.88524362   -0.09322392
  0.89531346   -0.09286225
  0.90538456   -0.09248615
  0.91545695   -0.09209539
  0.92553063   -0.09168976
  0.93560564   -0.09126900
  0.94568200   -0.09083285
  0.95575973   -0.09038104
  0.96583885   -0.08991327
  0.97591940   -0.08942921
  0.98600140   -0.08892856
  0.99619470   -0.08715574
