           1
         200
  0.97814760   -0.20791170
  0.96891802   -0.20323611
  0.95942293   -0.19980964
  0.94992438   -0.19639947
  0.94042243   -0.19300529
  0.93091715   -0.18962677
  0.92140860   -0.18626364
  0.91189684   -0.18291562
  0.90238192   -0.17958245
  0.89286389   -0.17626389
  0.88334281   -0.17295972
  0.87381872   -0.16966971
  0.86429165   -0.16639369
  0.85476165   -0.16313148
  0.84522875   -0.15988291
  0.83569298   -0.15664785
  0.82615436   -0.15342617
  0.81661292   -0.15021777
  0.80706868   -0.14702255
  0.79752165   -0.14384044
  0.78797185   -0.14067139
  0.77841928   -0.13751536
  0.76886394   -0.13437233
  0.75930585   -0.13124230
  0.74974498   -0.12812528
  0.74018135   -0.12502131
  0.73061492   -0.12193045
  0.72104570   -0.11885276
  0.71147366   -0.11578834
  0.70189877   -0.11273730
  0.69232101   -0.10969977
  0.68274035   -0.10667590
  0.67315675   -0.10366585
  0.66357017   -0.10066983
  0.65398056   -0.09768803
  0.64438788   -0.09472069
  0.63479208   -0.09176807
  0.62519308   -0.08883043
  0.61559084   -0.08590808
  0.60598529   -0.08300133
  0.59637634   -0.08011053
  0.58676392   -0.07723604
  0.57714796   -0.07437826
  0.56752836   -0.07153759
  0.55790502   -0.06871447
  0.54827786   -0.06590938
  0.53864676   -0.06312280
  0.52901161   -0.06035526
  0.51937230   -0.05760730
  0.50972871   -0.05487950
  0.50008068   -0.05217246
  0.48491887   -0.04796444
  0.46976026   -0.04381595
  0.45461925   -0.03973367
  0.43951022   -0.03572426
  0.42444754   -0.03179428
  0.40944551   -0.02795023
  0.39451838   -0.02419848
  0.37968035   -0.02054530
  0.36494553   -0.01699678
  0.35032794   -0.01355885
  0.33584151   -0.01023725
  0.32150007   -0.00703747
  0.30731732   -0.00396481
  0.29330683   -0.00102426
  0.27948204    0.00177943
  0.26585624    0.00444182
  0.25244256    0.00695879
  0.23925395    0.00932653
  0.22630318    0.01154158
  0.21360285    0.01360081
  0.20116533    0.01550145
  0.18900277    0.01724110
  0.17712711    0.01881769
  0.16555005    0.02022953
  0.15428300    0.02147527
  0.14333715    0.02255391
  0.13272337    0.02346478
  0.12245226    0.02420754
  0.11253411    0.02478214
  0.10297888    0.02518885
  0.09379618    0.02542819
  0.08499531    0.02550092
  0.07658517    0.02540804
  0.06857429    0.02515075
  0.06097082    0.02473041
  0.05378250    0.02414854
  0.04701664    0.02340677
  0.04068013    0.02250682
  0.03477942    0.02145046
  0.02932049    0.02023952
  0.02430885    0.01887580
  0.01974956    0.01736112
  0.01564717    0.01569722
  0.01200574    0.01388578
  0.00882881    0.01192841
  0.00611943    0.00982660
  0.00388013    0.00758170
  0.00211289    0.00519494
  0.00081920    0.00266740
  0.00000000    0.00000001
 -0.00033655   -0.00276999
 -0.00018275   -0.00560520
  0.00046092   -0.00850441
  0.00159354   -0.01146604
  0.00321380   -0.01448815
  0.00531993   -0.01756847
  0.00790977   -0.02070440
  0.01098072   -0.02389304
  0.01452976   -0.02713121
  0.01855344   -0.03041544
  0.02304789   -0.03374204
  0.02800880   -0.03710710
  0.03343145   -0.04050654
  0.03931066   -0.04393611
  0.04564085   -0.04739142
  0.05241600   -0.05086803
  0.05962965   -0.05436139
  0.06727492   -0.05786696
  0.07534450   -0.06138015
  0.08383065   -0.06489645
  0.09272522   -0.06841136
  0.10201962   -0.07192051
  0.11170484   -0.07541960
  0.12177150   -0.07890449
  0.13220975   -0.08237119
  0.14300940   -0.08581587
  0.15415982   -0.08923491
  0.16565004   -0.09262488
  0.17746866   -0.09598259
  0.18960397   -0.09930507
  0.20204386   -0.10258955
  0.21477591   -0.10583356
  0.22778736   -0.10903481
  0.24106511   -0.11219128
  0.25459579   -0.11530118
  0.26836573   -0.11836293
  0.28236097   -0.12137519
  0.29656733   -0.12433681
  0.31097035   -0.12724686
  0.32555538   -0.13010459
  0.34030754   -0.13290939
  0.35521178   -0.13566085
  0.37025288   -0.13835867
  0.38541546   -0.14100269
  0.40068402   -0.14359285
  0.41604293   -0.14612918
  0.43147649   -0.14861179
  0.44696890   -0.15104086
  0.46250433   -0.15341658
  0.47806688   -0.15573923
  0.48798185   -0.15719043
  0.49790120   -0.15862087
  0.50782485   -0.16003114
  0.51775265   -0.16142183
  0.52768450   -0.16279349
  0.53762029   -0.16414663
  0.54755991   -0.16548175
  0.55750326   -0.16679931
  0.56745024   -0.16809976
  0.57740078   -0.16938350
  0.58735479   -0.17065094
  0.59731218   -0.17190242
  0.60727289   -0.17313831
  0.61723685   -0.17435890
  0.62720400   -0.17556451
  0.63717427   -0.17675541
  0.64714762   -0.17793185
  0.65712399   -0.17909405
  0.66710334   -0.18024224
  0.67708563   -0.18137660
  0.68707082   -0.18249731
  0.69705889   -0.18360450
  0.70704980   -0.18469831
  0.71704352   -0.18577886
  0.72704005   -0.18684623
  0.73703937   -0.18790050
  0.74704146   -0.18894172
  0.75704631   -0.18996992
  0.76705393   -0.19098512
  0.77706431   -0.19198732
  0.78707746   -0.19297651
  0.79709338   -0.19395263
  0.80711209   -0.19491565
  0.81713361   -0.19586548
  0.82715794   -0.19680203
  0.83718512   -0.19772521
  0.84721517   -0.19863488
  0.85724812   -0.19953090
  0.86728401   -0.20041311
  0.87732287   -0.20128134
  0.88736474   -0.20213539
  0.89740966   -0.20297507
  0.90745770   -0.20380013
  0.91750889   -0.20461035
  0.92756329   -0.20540545
  0.93762096   -0.20618517
  0.94768196   -0.20694922
  0.95774636   -0.20769728
  0.96781423   -0.20842905
  0.97814760   -0.20791170
