           1
         100
  0.99619470   -0.08715574
  0.97662221   -0.08139604
  0.95693409   -0.07695798
  0.93724039   -0.07258380
  0.91754130   -0.06827118
  0.89783700   -0.06401809
  0.87812764   -0.05982276
  0.85841337   -0.05568369
  0.83869428   -0.05159966
  0.81897045   -0.04756973
  0.79924196   -0.04359323
  0.77950882   -0.03966979
  0.75977104   -0.03579932
  0.74002861   -0.03198203
  0.72028149   -0.02821844
  0.70052959   -0.02450938
  0.68077283   -0.02085597
  0.66101107   -0.01725969
  0.64124415   -0.01372234
  0.62147188   -0.01024608
  0.60169406   -0.00683340
  0.58191041   -0.00348721
  0.56212067   -0.00021076
  0.54232450    0.00299223
  0.52252154    0.00611766
  0.50271140    0.00916093
  0.47159858    0.01376002
  0.44058789    0.01810485
  0.40979986    0.02215697
  0.37935414    0.02587924
  0.34936908    0.02923645
  0.31996134    0.03219598
  0.29124542    0.03472848
  0.26333329    0.03680844
  0.23633399    0.03841473
  0.21035319    0.03953107
  0.18549284    0.04014623
  0.16185072    0.04025422
  0.13952013    0.03985420
  0.11858939    0.03895028
  0.09914156    0.03755107
  0.08125401    0.03566916
  0.06499806    0.03332039
  0.05043866    0.03052299
  0.03763403    0.02729672
  0.02663537    0.02366193
  0.01748658    0.01963858
  0.01022401    0.01524542
  0.00487626    0.01049913
  0.00146404    0.00541372
  0.00000000    0.00000000
  0.00050172   -0.00558570
  0.00297903   -0.01118638
  0.00742134   -0.01678918
  0.01381071   -0.02237674
  0.02212187   -0.02792763
  0.03232226   -0.03341710
  0.04437212   -0.03881785
  0.05822457   -0.04410097
  0.07382569   -0.04923688
  0.09111470   -0.05419634
  0.11002410   -0.05895137
  0.13047989   -0.06347614
  0.15240178   -0.06774775
  0.17570346   -0.07174681
  0.20029296   -0.07545795
  0.22607290   -0.07887009
  0.25294095   -0.08197658
  0.28079021   -0.08477511
  0.30950963   -0.08726756
  0.33898452   -0.08945959
  0.36909701   -0.09136023
  0.39972656   -0.09298135
  0.43075050   -0.09433708
  0.46204454   -0.09544321
  0.49348330   -0.09631667
  0.51352094   -0.09675963
  0.53356578   -0.09712044
  0.55361739   -0.09740367
  0.57367544   -0.09761345
  0.59373958   -0.09775349
  0.61380954   -0.09782704
  0.63388507   -0.09783701
  0.65396594   -0.09778589
  0.67405196   -0.09767584
  0.69414298   -0.09750866
  0.71423888   -0.09728583
  0.73433954   -0.09700847
  0.75444490   -0.09667741
  0.77455491   -0.09629317
  0.79466956   -0.09585596
  0.81478885   -0.09536569
  0.83491281   -0.09482199
  0.85504151   -0.09422419
  0.87517502   -0.09357135
  0.89531346   -0.09286225
  0.91545695   -0.09209539
  0.93560564   -0.09126900
  0.95575973   -0.09038104
  0.97591940   -0.08942921
  0.99619470   -0.08715574
