           1
         200
  0.99939083   -0.03489950
  0.98948956   -0.03189765
  0.97954372   -0.03017203
  0.96959731   -0.02846308
  0.95965032   -0.02677045
  0.94970277   -0.02509384
  0.93975467   -0.02343295
  0.92980604   -0.02178749
  0.91985688   -0.02015721
  0.90990719   -0.01854185
  0.89995699   -0.01694119
  0.89000629   -0.01535501
  0.88005508   -0.01378312
  0.87010339   -0.01222533
  0.86015120   -0.01068149
  0.85019854   -0.00915145
  0.84024539   -0.00763508
  0.83029178   -0.00613227
  0.82033769   -0.00464294
  0.81038314   -0.00316700
  0.80042812   -0.00170440
  0.79047263   -0.00025510
  0.78051668    0.00118092
  0.77056027    0.00260365
  0.76060339    0.00401309
  0.75064605    0.00540919
  0.74068824    0.00679190
  0.73072996    0.00816115
  0.72077121    0.00951685
  0.71081198    0.01085888
  0.70085226    0.01218710
  0.69089206    0.01350137
  0.68093137    0.01480151
  0.67097018    0.01608733
  0.66100848    0.01735861
  0.65104626    0.01861511
  0.64108352    0.01985659
  0.63112024    0.02108275
  0.62115642    0.02229329
  0.61119204    0.02348789
  0.60122709    0.02466619
  0.59126156    0.02582783
  0.58129543    0.02697241
  0.57132870    0.02809950
  0.56136133    0.02920865
  0.55139333    0.03029938
  0.54142466    0.03137121
  0.53145531    0.03242358
  0.52148527    0.03345594
  0.51151451    0.03446771
  0.50154300    0.03545825
  0.48588082    0.03696953
  0.47023213    0.03842273
  0.45461226    0.03981378
  0.43903655    0.04113862
  0.42352027    0.04239329
  0.40807864    0.04357387
  0.39272681    0.04467655
  0.37747983    0.04569763
  0.36235267    0.04663357
  0.34736017    0.04748095
  0.33251703    0.04823655
  0.31783783    0.04889734
  0.30333699    0.04946052
  0.28902873    0.04992349
  0.27492711    0.05028394
  0.26104600    0.05053979
  0.24739903    0.05068926
  0.23399963    0.05073085
  0.22086098    0.05066337
  0.20799601    0.05048593
  0.19541740    0.05019795
  0.18313753    0.04979916
  0.17116852    0.04928961
  0.15952217    0.04866967
  0.14820998    0.04793998
  0.13724311    0.04710150
  0.12663241    0.04615547
  0.11638836    0.04510339
  0.10652111    0.04394699
  0.09704042    0.04268828
  0.08795567    0.04132942
  0.07927587    0.03987279
  0.07100962    0.03832091
  0.06316513    0.03667646
  0.05575016    0.03494218
  0.04877209    0.03312091
  0.04223782    0.03121553
  0.03615386    0.02922893
  0.03052622    0.02716397
  0.02536050    0.02502349
  0.02066181    0.02281023
  0.01643481    0.02052685
  0.01268367    0.01817585
  0.00941211    0.01575961
  0.00662334    0.01328031
  0.00432010    0.01073994
  0.00250464    0.00814030
  0.00117871    0.00548292
  0.00034357    0.00276913
  0.00000000    0.00000000
  0.00014957   -0.00278635
  0.00079336   -0.00555179
  0.00193070   -0.00829518
  0.00356040   -0.01101514
  0.00568082   -0.01370998
  0.00828985   -0.01637777
  0.01138489   -0.01901634
  0.01496289   -0.02162328
  0.01902032   -0.02419596
  0.02355317   -0.02673159
  0.02855700   -0.02922720
  0.03402688   -0.03167969
  0.03995745   -0.03408585
  0.04634288   -0.03644240
  0.05317692   -0.03874600
  0.06045284   -0.04099329
  0.06816352   -0.04318095
  0.07630137   -0.04530566
  0.08485842   -0.04736422
  0.09382625   -0.04935349
  0.10319604   -0.05127048
  0.11295860   -0.05311236
  0.12310430   -0.05487647
  0.13362316   -0.05656036
  0.14450482   -0.05816181
  0.15573856   -0.05967881
  0.16731329   -0.06110966
  0.17921761   -0.06245288
  0.19143974   -0.06370729
  0.20396762   -0.06487202
  0.21678888   -0.06594644
  0.22989081   -0.06693026
  0.24326047   -0.06782347
  0.25688463   -0.06862633
  0.27074977   -0.06933940
  0.28484218   -0.06996351
  0.29914788   -0.07049975
  0.31365269   -0.07094948
  0.32834223   -0.07131426
  0.34320191   -0.07159591
  0.35821700   -0.07179641
  0.37337260   -0.07191798
  0.38865367   -0.07196295
  0.40404502   -0.07193385
  0.41953139   -0.07183330
  0.43509739   -0.07166405
  0.45072758   -0.07142894
  0.46640643   -0.07113087
  0.48211838   -0.07077280
  0.49784783   -0.07035775
  0.50786414   -0.07006519
  0.51788119   -0.06975142
  0.52789896   -0.06941704
  0.53791743   -0.06906266
  0.54793658   -0.06868883
  0.55795639   -0.06829608
  0.56797685   -0.06788492
  0.57799793   -0.06745583
  0.58801962   -0.06700924
  0.59804190   -0.06654559
  0.60806477   -0.06606527
  0.61808821   -0.06556866
  0.62811220   -0.06505611
  0.63813674   -0.06452794
  0.64816182   -0.06398446
  0.65818742   -0.06342594
  0.66821353   -0.06285265
  0.67824015   -0.06226483
  0.68826728   -0.06166267
  0.69829489   -0.06104640
  0.70832300   -0.06041616
  0.71835158   -0.05977212
  0.72838065   -0.05911442
  0.73841018   -0.05844316
  0.74844019   -0.05775843
  0.75847066   -0.05706032
  0.76850160   -0.05634887
  0.77853301   -0.05562413
  0.78856487   -0.05488611
  0.79859721   -0.05413480
  0.80863000   -0.05337019
  0.81866326   -0.05259224
  0.82869699   -0.05180089
  0.83873120   -0.05099608
  0.84876587   -0.05017770
  0.85880102   -0.04934564
  0.86883665   -0.04849979
  0.87887277   -0.04763999
  0.88890939   -0.04676609
  0.89894650   -0.04587790
  0.90898412   -0.04497523
  0.91902225   -0.04405786
  0.92906090   -0.04312557
  0.93910008   -0.04217810
  0.94913980   -0.04121520
  0.95918007   -0.04023658
  0.96922090   -0.03924194
  0.97926230   -0.03823098
  0.98930428   -0.03720336
  0.99939083   -0.03489950
