           1
         200
  0.98768834   -0.15643447
  0.97822671   -0.15224833
  0.96856531   -0.14932349
  0.95890130   -0.14641511
  0.94923473   -0.14352287
  0.93956566   -0.14064646
  0.92989413   -0.13778557
  0.92022018   -0.13493995
  0.91054385   -0.13210932
  0.90086520   -0.12929344
  0.89118423   -0.12649209
  0.88150101   -0.12370505
  0.87181554   -0.12093212
  0.86212787   -0.11817314
  0.85243802   -0.11542794
  0.84274600   -0.11269638
  0.83305185   -0.10997833
  0.82335557   -0.10727368
  0.81365719   -0.10458235
  0.80395670   -0.10190425
  0.79425413   -0.09923935
  0.78454948   -0.09658758
  0.77484275   -0.09394895
  0.76513394   -0.09132344
  0.75542304   -0.08871107
  0.74571006   -0.08611188
  0.73599499   -0.08352592
  0.72627780   -0.08095326
  0.71655850   -0.07839401
  0.70683706   -0.07584826
  0.69711345   -0.07331615
  0.68738766   -0.07079783
  0.67765966   -0.06829348
  0.66792942   -0.06580328
  0.65819690   -0.06332745
  0.64846207   -0.06086622
  0.63872489   -0.05841985
  0.62898530   -0.05598861
  0.61924328   -0.05357281
  0.60949876   -0.05117276
  0.59975169   -0.04878882
  0.59000201   -0.04642134
  0.58024965   -0.04407073
  0.57049457   -0.04173741
  0.56073667   -0.03942181
  0.55097589   -0.03712441
  0.54121215   -0.03484570
  0.53144537   -0.03258622
  0.52167545   -0.03034650
  0.51190231   -0.02812715
  0.50212583   -0.02592876
  0.48676457   -0.02252001
  0.47140962   -0.01917055
  0.45607571   -0.01588629
  0.44077755   -0.01267311
  0.42552983   -0.00953684
  0.41034718   -0.00648320
  0.39524416   -0.00351782
  0.38023527   -0.00064621
  0.36533493    0.00212629
  0.35055744    0.00479448
  0.33591703    0.00735337
  0.32142778    0.00979818
  0.30710365    0.01212437
  0.29295847    0.01432763
  0.27900589    0.01640395
  0.26525943    0.01834957
  0.25173240    0.02016107
  0.23843794    0.02183533
  0.22538900    0.02336955
  0.21259830    0.02476128
  0.20007835    0.02600839
  0.18784142    0.02710911
  0.17589953    0.02806202
  0.16426443    0.02886603
  0.15294763    0.02952039
  0.14196033    0.03002469
  0.13131343    0.03037883
  0.12101752    0.03058302
  0.11108289    0.03063776
  0.10151946    0.03054383
  0.09233683    0.03030225
  0.08354421    0.02991428
  0.07515046    0.02938138
  0.06716402    0.02870518
  0.05959297    0.02788749
  0.05244495    0.02693021
  0.04572719    0.02583535
  0.03944647    0.02460501
  0.03360912    0.02324128
  0.02822105    0.02174630
  0.02328766    0.02012216
  0.01881389    0.01837094
  0.01480420    0.01649461
  0.01126256    0.01449508
  0.00819243    0.01237413
  0.00559676    0.01013340
  0.00347801    0.00777438
  0.00183812    0.00529840
  0.00067848    0.00270661
  0.00000000    0.00000001
 -0.00019112   -0.00278380
  0.00011086   -0.00560708
  0.00090537   -0.00846864
  0.00219145   -0.01136693
  0.00396764   -0.01430010
  0.00623210   -0.01726597
  0.00898252   -0.02026206
  0.01221614   -0.02328561
  0.01592979   -0.02633359
  0.02011984   -0.02940274
  0.02478223   -0.03248956
  0.02991245   -0.03559038
  0.03550558   -0.03870136
  0.04155622   -0.04181853
  0.04805858   -0.04493782
  0.05500639   -0.04805508
  0.06239298   -0.05116612
  0.07021124   -0.05426675
  0.07845363   -0.05735280
  0.08711218   -0.06042015
  0.09617852   -0.06346474
  0.10564383   -0.06648265
  0.11549891   -0.06947006
  0.12573415   -0.07242333
  0.13633954   -0.07533898
  0.14730467   -0.07821373
  0.15861875   -0.08104451
  0.17027063   -0.08382849
  0.18224879   -0.08656306
  0.19454135   -0.08924587
  0.20713609   -0.09187480
  0.22002047   -0.09444801
  0.23318162   -0.09696391
  0.24660638   -0.09942115
  0.26028127   -0.10181865
  0.27419258   -0.10415554
  0.28832629   -0.10643121
  0.30266818   -0.10864528
  0.31720376   -0.11079755
  0.33191836   -0.11288803
  0.34679710   -0.11491692
  0.36182492   -0.11688458
  0.37698660   -0.11879152
  0.39226677   -0.12063837
  0.40764996   -0.12242588
  0.42312057   -0.12415491
  0.43866290   -0.12582639
  0.45426121   -0.12744131
  0.46989968   -0.12900072
  0.48556247   -0.13050570
  0.49553979   -0.13143601
  0.50552042   -0.13234535
  0.51550427   -0.13323432
  0.52549126   -0.13410353
  0.53548128   -0.13495351
  0.54547427   -0.13578480
  0.55547014   -0.13659789
  0.56546882   -0.13739325
  0.57547024   -0.13817133
  0.58547432   -0.13893255
  0.59548102   -0.13967729
  0.60549026   -0.14040593
  0.61550200   -0.14111882
  0.62551619   -0.14181627
  0.63553277   -0.14249859
  0.64555171   -0.14316605
  0.65557296   -0.14381891
  0.66559648   -0.14445740
  0.67562225   -0.14508173
  0.68565022   -0.14569211
  0.69568039   -0.14628869
  0.70571271   -0.14687163
  0.71574717   -0.14744106
  0.72578376   -0.14799710
  0.73582245   -0.14853983
  0.74586323   -0.14906933
  0.75590611   -0.14958565
  0.76595106   -0.15008883
  0.77599810   -0.15057888
  0.78604721   -0.15105581
  0.79609841   -0.15151959
  0.80615169   -0.15197018
  0.81620707   -0.15240754
  0.82626456   -0.15283158
  0.83632417   -0.15324222
  0.84638593   -0.15363935
  0.85644984   -0.15402284
  0.86651593   -0.15439254
  0.87658424   -0.15474831
  0.88665478   -0.15508996
  0.89672758   -0.15541729
  0.90680269   -0.15573010
  0.91688013   -0.15602816
  0.92695995   -0.15631123
  0.93704219   -0.15657904
  0.94712688   -0.15683131
  0.95721408   -0.15706776
  0.96730384   -0.15728807
  0.97739621   -0.15749192
  0.98768834   -0.15643447
