           1
         100
  1.00000000    0.00000000
  0.98000000    0.00403193
  0.96000000    0.00673717
  0.94000000    0.00937829
  0.92000000    0.01195761
  0.90000000    0.01447717
  0.88000000    0.01693876
  0.86000000    0.01934386
  0.84000000    0.02169371
  0.82000000    0.02398927
  0.80000000    0.02623118
  0.78000000    0.02841984
  0.76000000    0.03055532
  0.74000000    0.03263741
  0.72000000    0.03466560
  0.70000000    0.03663907
  0.68000000    0.03855666
  0.66000000    0.04041690
  0.64000000    0.04221798
  0.62000000    0.04395775
  0.60000000    0.04563369
  0.58000000    0.04724290
  0.56000000    0.04878208
  0.54000000    0.05024754
  0.52000000    0.05163514
  0.50000000    0.05294025
  0.46860474    0.05481019
  0.43733338    0.05643572
  0.40630934    0.05778906
  0.37565506    0.05884365
  0.34549150    0.05957472
  0.31593772    0.05995994
  0.28711035    0.05998004
  0.25912316    0.05961938
  0.23208660    0.05886642
  0.20610737    0.05771413
  0.18128801    0.05616023
  0.15772645    0.05420726
  0.13551569    0.05186253
  0.11474338    0.04913781
  0.09549150    0.04604893
  0.07783604    0.04261519
  0.06184666    0.03885855
  0.04758647    0.03480286
  0.03511176    0.03047287
  0.02447174    0.02589331
  0.01570842    0.02108791
  0.00885637    0.01607848
  0.00394265    0.01088417
  0.00098664    0.00552072
  0.00000000    0.00000000
  0.00098664   -0.00552072
  0.00394265   -0.01088417
  0.00885637   -0.01607848
  0.01570842   -0.02108791
  0.02447174   -0.02589331
  0.03511176   -0.03047287
  0.04758647   -0.03480286
  0.06184666   -0.03885855
  0.07783604   -0.04261519
  0.09549150   -0.04604893
  0.11474338   -0.04913781
  0.13551569   -0.05186253
  0.15772645   -0.05420726
  0.18128801   -0.05616023
  0.20610737   -0.05771413
  0.23208660   -0.05886642
  0.25912316   -0.05961938
  0.28711035   -0.05998004
  0.31593772   -0.05995994
  0.34549150   -0.05957472
  0.37565506   -0.05884365
  0.40630934   -0.05778906
  0.43733338   -0.05643572
  0.46860474   -0.05481019
  0.50000000   -0.05294025
  0.52000000   -0.05163514
  0.54000000   -0.05024754
  0.56000000   -0.04878208
  0.58000000   -0.04724290
  0.60000000   -0.04563369
  0.62000000   -0.04395775
  0.64000000   -0.04221798
  0.66000000   -0.04041690
  0.68000000   -0.03855666
  0.70000000   -0.03663907
  0.72000000   -0.03466560
  0.74000000   -0.03263741
  0.76000000   -0.03055532
  0.78000000   -0.02841984
  0.80000000   -0.02623118
  0.82000000   -0.02398927
  0.84000000   -0.02169371
  0.86000000   -0.01934386
  0.88000000   -0.01693876
  0.90000000   -0.01447717
  0.92000000   -0.01195761
  0.94000000   -0.00937829
  0.96000000   -0.00673717
  0.98000000   -0.00403193
  1.00000000    0.00000000
