           1
         100
  0.99026807   -0.13917310
  0.97102384   -0.13239695
  0.95159498   -0.12693458
  0.93215719   -0.12153569
  0.91271080   -0.11619801
  0.89325609   -0.11091951
  0.87379332   -0.10569842
  0.85432268   -0.10053326
  0.83484436   -0.09542281
  0.81535848   -0.09036614
  0.79586513   -0.08536258
  0.77636437   -0.08041176
  0.75685621   -0.07551360
  0.73734062   -0.07066831
  0.71781753   -0.06587639
  0.69828682   -0.06113867
  0.67874834   -0.05645628
  0.65920187   -0.05183068
  0.63964717   -0.04726366
  0.62008394   -0.04275736
  0.60051182   -0.03831427
  0.58093042   -0.03393727
  0.56133927   -0.02962960
  0.54173786   -0.02539494
  0.52212562   -0.02123739
  0.50250189   -0.01716151
  0.47167241   -0.01094040
  0.44093162   -0.00497855
  0.41039785    0.00067933
  0.38018866    0.00598991
  0.35042040    0.01091182
  0.32120785    0.01540638
  0.29266382    0.01943828
  0.26489881    0.02297619
  0.23802057    0.02599332
  0.21213381    0.02846786
  0.18733972    0.03038327
  0.16373566    0.03172844
  0.14141473    0.03249767
  0.12046536    0.03269041
  0.10097096    0.03231094
  0.08300943    0.03136777
  0.06665284    0.02987299
  0.05196699    0.02784140
  0.03901106    0.02528970
  0.02783724    0.02223551
  0.01849042    0.01869649
  0.01100788    0.01468944
  0.00541906    0.01022954
  0.00174537    0.00532968
  0.00000000    0.00000000
  0.00020870   -0.00560430
  0.00238950   -0.01132696
  0.00653249   -0.01715458
  0.01262068   -0.02306887
  0.02062993   -0.02904713
  0.03052905   -0.03506292
  0.04227974   -0.04108691
  0.05583671   -0.04708777
  0.07114765   -0.05303314
  0.08815341   -0.05889064
  0.10678804   -0.06462879
  0.12697899   -0.07021794
  0.14864727   -0.07563100
  0.17170773   -0.08084410
  0.19606930   -0.08583706
  0.22163533   -0.09059375
  0.24830398   -0.09510214
  0.27596861   -0.09935436
  0.30451823   -0.10334644
  0.33383801   -0.10707806
  0.36380975   -0.11055207
  0.39431248   -0.11377400
  0.42522295   -0.11675153
  0.45641621   -0.11949395
  0.48776618   -0.12201159
  0.50775317   -0.12350264
  0.52775165   -0.12491201
  0.54776096   -0.12624428
  0.56778054   -0.12750353
  0.58780986   -0.12869345
  0.60784847   -0.12981728
  0.62789596   -0.13087791
  0.64795198   -0.13187781
  0.66801624   -0.13281913
  0.68808848   -0.13370367
  0.70816849   -0.13453287
  0.72825612   -0.13530788
  0.74835125   -0.13602951
  0.76845382   -0.13669827
  0.78856378   -0.13731438
  0.80868116   -0.13787775
  0.82880600   -0.13838800
  0.84893839   -0.13884447
  0.86907848   -0.13924624
  0.88922643   -0.13959207
  0.90938245   -0.13988049
  0.92954678   -0.14010974
  0.94971971   -0.14027778
  0.96990157   -0.14038233
  0.99026807   -0.13917310
