           1
         200
  0.99452190   -0.10452847
  0.98485414   -0.10084325
  0.97505291   -0.09842805
  0.96524993   -0.09602944
  0.95544524   -0.09364707
  0.94563888   -0.09128064
  0.93583088   -0.08892984
  0.92602126   -0.08659441
  0.91621005   -0.08427408
  0.90639729   -0.08196861
  0.89658298   -0.07967775
  0.88676716   -0.07740131
  0.87694985   -0.07513909
  0.86713106   -0.07289090
  0.85731081   -0.07065659
  0.84748912   -0.06843601
  0.83766600   -0.06622904
  0.82784146   -0.06403556
  0.81801552   -0.06185549
  0.80818817   -0.05968875
  0.79835942   -0.05753529
  0.78852929   -0.05539506
  0.77869776   -0.05326806
  0.76886485   -0.05115426
  0.75903054   -0.04905370
  0.74919484   -0.04696641
  0.73935774   -0.04489244
  0.72951923   -0.04283187
  0.71967931   -0.04078479
  0.70983795   -0.03875132
  0.69999515   -0.03673157
  0.69015089   -0.03472572
  0.68030516   -0.03273392
  0.67045792   -0.03075637
  0.66060917   -0.02879330
  0.65075887   -0.02684492
  0.64090699   -0.02491151
  0.63105352   -0.02299333
  0.62119841   -0.02109070
  0.61134164   -0.01920393
  0.60148316   -0.01733338
  0.59162293   -0.01547940
  0.58176093   -0.01364241
  0.57189709   -0.01182283
  0.56203138   -0.01002109
  0.55216374   -0.00823768
  0.54229412   -0.00647309
  0.53242247   -0.00472785
  0.52254873   -0.00300253
  0.51267283   -0.00129770
  0.50279469    0.00038601
  0.48727608    0.00298614
  0.47176688    0.00552740
  0.45628209    0.00800464
  0.44083674    0.01041277
  0.42544578    0.01274674
  0.41012412    0.01500160
  0.39488660    0.01717248
  0.37974799    0.01925466
  0.36472297    0.02124353
  0.34982609    0.02313467
  0.33507182    0.02492383
  0.32047448    0.02660699
  0.30604824    0.02818032
  0.29180713    0.02964026
  0.27776501    0.03098351
  0.26393556    0.03220703
  0.25033226    0.03330810
  0.23696840    0.03428429
  0.22385705    0.03513348
  0.21101104    0.03585388
  0.19844298    0.03644404
  0.18616521    0.03690282
  0.17418981    0.03722943
  0.16252858    0.03742341
  0.15119304    0.03748459
  0.14019440    0.03741317
  0.12954356    0.03720961
  0.11925108    0.03687467
  0.10932720    0.03640940
  0.09978179    0.03581509
  0.09062439    0.03509326
  0.08186412    0.03424565
  0.07350976    0.03327418
  0.06556966    0.03218094
  0.05805179    0.03096812
  0.05096366    0.02963806
  0.04431240    0.02819312
  0.03810468    0.02663576
  0.03234671    0.02496839
  0.02704426    0.02319347
  0.02220263    0.02131337
  0.01782664    0.01933040
  0.01392065    0.01724680
  0.01048851    0.01506466
  0.00753359    0.01278593
  0.00505875    0.01041242
  0.00306637    0.00794575
  0.00155830    0.00538734
  0.00053590    0.00273841
  0.00000000    0.00000001
 -0.00004516   -0.00278999
  0.00040416   -0.00559360
  0.00134735   -0.00840965
  0.00278334   -0.01123666
  0.00471062   -0.01407285
  0.00712719   -0.01691614
  0.01003064   -0.01976418
  0.01341807   -0.02261436
  0.01728615   -0.02546380
  0.02163108   -0.02830945
  0.02644863   -0.03114803
  0.03173412   -0.03397611
  0.03748239   -0.03679010
  0.04368789   -0.03958634
  0.05034458   -0.04236104
  0.05744602   -0.04511041
  0.06498530   -0.04783060
  0.07295512   -0.05051781
  0.08134773   -0.05316826
  0.09015495   -0.05577825
  0.09936820   -0.05834417
  0.10897848   -0.06086257
  0.11897641   -0.06333011
  0.12935218   -0.06574366
  0.14009563   -0.06810027
  0.15119618   -0.07039721
  0.16264291   -0.07263198
  0.17442452   -0.07480233
  0.18652938   -0.07690626
  0.19894550   -0.07894205
  0.21166057   -0.08090822
  0.22466197   -0.08280359
  0.23793675   -0.08462724
  0.25147171   -0.08637852
  0.26525334   -0.08805704
  0.27926789   -0.08966266
  0.29350133   -0.09119552
  0.30793944   -0.09265595
  0.32256774   -0.09404454
  0.33737159   -0.09536205
  0.35233612   -0.09660947
  0.36744632   -0.09778794
  0.38268702   -0.09889876
  0.39804291   -0.09994338
  0.41349857   -0.10092335
  0.42903846   -0.10184034
  0.44464698   -0.10269611
  0.46030843   -0.10349247
  0.47600708   -0.10423128
  0.49172716   -0.10491447
  0.50173950   -0.10532133
  0.51175404   -0.10570708
  0.52177074   -0.10607232
  0.53178952   -0.10641765
  0.54181035   -0.10674363
  0.55183314   -0.10705079
  0.56185787   -0.10733962
  0.57188447   -0.10761061
  0.58191290   -0.10786419
  0.59194312   -0.10810078
  0.60197508   -0.10832080
  0.61200874   -0.10852460
  0.62204407   -0.10871253
  0.63208103   -0.10888493
  0.64211960   -0.10904208
  0.65215973   -0.10918428
  0.66220142   -0.10931177
  0.67224462   -0.10942480
  0.68228932   -0.10952357
  0.69233550   -0.10960828
  0.70238314   -0.10967911
  0.71243222   -0.10973620
  0.72248273   -0.10977969
  0.73253466   -0.10980969
  0.74258800   -0.10982629
  0.75264274   -0.10982957
  0.76269887   -0.10981958
  0.77275640   -0.10979635
  0.78281531   -0.10975991
  0.79287561   -0.10971026
  0.80293730   -0.10964736
  0.81300039   -0.10957119
  0.82306488   -0.10948169
  0.83313078   -0.10937878
  0.84319810   -0.10926238
  0.85326685   -0.10913237
  0.86333704   -0.10898863
  0.87340869   -0.10883101
  0.88348181   -0.10865936
  0.89355643   -0.10847348
  0.90363256   -0.10827320
  0.91371023   -0.10805829
  0.92378946   -0.10782853
  0.93387028   -0.10758367
  0.94395272   -0.10732345
  0.95403679   -0.10704759
  0.96412255   -0.10675579
  0.97421001   -0.10644774
  0.98429921   -0.10612311
  0.99452190   -0.10452847
