           1
         200
  0.98480775   -0.17364818
  0.97542062   -0.16929755
  0.96581174   -0.16620454
  0.95619996   -0.16312794
  0.94658534   -0.16006744
  0.93696794   -0.15702271
  0.92734781   -0.15399348
  0.91772500   -0.15097945
  0.90809955   -0.14798038
  0.89847151   -0.14499601
  0.88884091   -0.14202613
  0.87920780   -0.13907051
  0.86957221   -0.13612898
  0.85993416   -0.13320134
  0.85029369   -0.13028745
  0.84065083   -0.12738715
  0.83100559   -0.12450033
  0.82135799   -0.12162687
  0.81170805   -0.11876669
  0.80205578   -0.11591971
  0.79240120   -0.11308587
  0.78274430   -0.11026514
  0.77308510   -0.10745750
  0.76342359   -0.10466295
  0.75375977   -0.10188150
  0.74409363   -0.09911319
  0.73442516   -0.09635808
  0.72475436   -0.09361622
  0.71508120   -0.09088773
  0.70540567   -0.08817271
  0.69572773   -0.08547129
  0.68604738   -0.08278362
  0.67636457   -0.08010987
  0.66667926   -0.07745023
  0.65699144   -0.07480492
  0.64730104   -0.07217417
  0.63760804   -0.06955824
  0.62791237   -0.06695739
  0.61821399   -0.06437193
  0.60851284   -0.06180219
  0.59880886   -0.05924849
  0.58910198   -0.05671123
  0.57939214   -0.05419077
  0.56967926   -0.05168755
  0.55996326   -0.04920201
  0.55024406   -0.04673461
  0.54052158   -0.04428585
  0.53079572   -0.04185625
  0.52106638   -0.03944637
  0.51133346   -0.03705679
  0.50159685   -0.03468812
  0.48629743   -0.03101180
  0.47100327   -0.02739486
  0.45572901   -0.02384349
  0.44048927   -0.02036381
  0.42529860   -0.01696191
  0.41017156   -0.01364376
  0.39512259   -0.01041525
  0.38016610   -0.00728213
  0.36531642   -0.00425001
  0.35058775   -0.00132433
  0.33599423    0.00148969
  0.32154985    0.00418700
  0.30726851    0.00676282
  0.29316393    0.00921262
  0.27924971    0.01153212
  0.26553930    0.01371736
  0.25204594    0.01576467
  0.23878273    0.01767069
  0.22576255    0.01943241
  0.21299809    0.02104715
  0.20050181    0.02251258
  0.18828595    0.02382670
  0.17636251    0.02498788
  0.16474322    0.02599482
  0.15343956    0.02684659
  0.14246273    0.02754257
  0.13182363    0.02808247
  0.12153286    0.02846631
  0.11160070    0.02869443
  0.10203709    0.02876742
  0.09285163    0.02868614
  0.08405358    0.02845168
  0.07565180    0.02806535
  0.06765479    0.02752864
  0.06007062    0.02684320
  0.05290698    0.02601082
  0.04617113    0.02503337
  0.03986989    0.02391283
  0.03400963    0.02265118
  0.02859629    0.02125046
  0.02363530    0.01971268
  0.01913165    0.01803980
  0.01508983    0.01623374
  0.01151383    0.01429632
  0.00840714    0.01222927
  0.00577277    0.01003418
  0.00361317    0.00771250
  0.00193031    0.00526552
  0.00072562    0.00269437
  0.00000000    0.00000000
 -0.00023967   -0.00278005
  0.00001298   -0.00560817
  0.00075744   -0.00848315
  0.00199274   -0.01140345
  0.00371747   -0.01436717
  0.00592983   -0.01737211
  0.00862753   -0.02041575
  0.01180790   -0.02349527
  0.01546779   -0.02660760
  0.01960363   -0.02974941
  0.02421144   -0.03291713
  0.02928677   -0.03610701
  0.03482475   -0.03931513
  0.04082008   -0.04253743
  0.04726700   -0.04576972
  0.05415935   -0.04900776
  0.06149053   -0.05224724
  0.06925348   -0.05548385
  0.07744076   -0.05871328
  0.08604446   -0.06193127
  0.09505628   -0.06513363
  0.10446748   -0.06831627
  0.11426892   -0.07147522
  0.12445107   -0.07460667
  0.13500395   -0.07770696
  0.14591724   -0.08077264
  0.15718019   -0.08380045
  0.16878171   -0.08678736
  0.18071032   -0.08973056
  0.19295419   -0.09262749
  0.20550113   -0.09547584
  0.21833864   -0.09827352
  0.23145388   -0.10101873
  0.24483370   -0.10370989
  0.25846468   -0.10634568
  0.27233308   -0.10892500
  0.28642493   -0.11144699
  0.30072599   -0.11391102
  0.31522179   -0.11631664
  0.32989767   -0.11866361
  0.34473873   -0.12095187
  0.35972992   -0.12318150
  0.37485601   -0.12535275
  0.39010163   -0.12746599
  0.40545127   -0.12952171
  0.42088935   -0.13152048
  0.43640014   -0.13346295
  0.45196789   -0.13534986
  0.46757677   -0.13718196
  0.48321090   -0.13896006
  0.49317045   -0.14006435
  0.50313368   -0.14114773
  0.51310050   -0.14221082
  0.52307079   -0.14325419
  0.53304446   -0.14427839
  0.54302142   -0.14528395
  0.55300158   -0.14627137
  0.56298485   -0.14724111
  0.57297117   -0.14819362
  0.58296044   -0.14912932
  0.59295262   -0.15004859
  0.60294762   -0.15095181
  0.61294540   -0.15183931
  0.62294589   -0.15271143
  0.63294904   -0.15356846
  0.64295480   -0.15441067
  0.65296312   -0.15523833
  0.66297398   -0.15605165
  0.67298732   -0.15685087
  0.68300312   -0.15763616
  0.69302134   -0.15840770
  0.70304196   -0.15916564
  0.71306496   -0.15991011
  0.72309031   -0.16064123
  0.73311800   -0.16135907
  0.74314802   -0.16206373
  0.75318035   -0.16275524
  0.76321499   -0.16343365
  0.77325195   -0.16409898
  0.78329121   -0.16475121
  0.79333278   -0.16539034
  0.80337667   -0.16601632
  0.81342288   -0.16662910
  0.82347144   -0.16722861
  0.83352235   -0.16781475
  0.84357564   -0.16838742
  0.85363133   -0.16894649
  0.86368944   -0.16949181
  0.87375000   -0.17002324
  0.88381304   -0.17054059
  0.89387860   -0.17104367
  0.90394672   -0.17153227
  0.91401742   -0.17200616
  0.92409077   -0.17246510
  0.93416679   -0.17290883
  0.94424555   -0.17333706
  0.95432708   -0.17374952
  0.96441146   -0.17414589
  0.97449873   -0.17452584
  0.98480775   -0.17364818
