           1
         200
  0.99254615   -0.12186935
  0.98294419   -0.11801597
  0.97318660   -0.11543008
  0.96342697   -0.11286075
  0.95366536   -0.11030762
  0.94390179   -0.10777041
  0.93413631   -0.10524880
  0.92436894   -0.10274253
  0.91459973   -0.10025132
  0.90482869   -0.09777494
  0.89505586   -0.09531315
  0.88528126   -0.09286575
  0.87550493   -0.09043253
  0.86572687   -0.08801332
  0.85594711   -0.08560797
  0.84616567   -0.08321631
  0.83638257   -0.08083824
  0.82659780   -0.07847364
  0.81681140   -0.07612241
  0.80702336   -0.07378449
  0.79723370   -0.07145982
  0.78744241   -0.06914836
  0.77764950   -0.06685009
  0.76785498   -0.06456501
  0.75805883   -0.06229314
  0.74826106   -0.06003451
  0.73846165   -0.05778918
  0.72866060   -0.05555722
  0.71885790   -0.05333872
  0.70905354   -0.05113379
  0.69924749   -0.04894258
  0.68943973   -0.04676522
  0.67963026   -0.04460190
  0.66981904   -0.04245279
  0.66000604   -0.04031813
  0.65019124   -0.03819814
  0.64037461   -0.03609309
  0.63055612   -0.03400324
  0.62073572   -0.03192890
  0.61091337   -0.02987039
  0.60108904   -0.02782806
  0.59126267   -0.02580229
  0.58143423   -0.02379347
  0.57160365   -0.02180201
  0.56177089   -0.01982837
  0.55193587   -0.01787301
  0.54209856   -0.01593644
  0.53225887   -0.01401919
  0.52241674   -0.01212181
  0.51257210   -0.01024488
  0.50272485   -0.00838903
  0.48725399   -0.00551845
  0.47179149   -0.00270691
  0.45635230    0.00004020
  0.44095133    0.00271752
  0.42560344    0.00531975
  0.41032347    0.00784166
  0.39512616    0.01027815
  0.38002619    0.01262421
  0.36503817    0.01487500
  0.35017657    0.01702584
  0.33545577    0.01907223
  0.32089003    0.02100988
  0.30649344    0.02283475
  0.29227998    0.02454301
  0.27826344    0.02613112
  0.26445745    0.02759582
  0.25087544    0.02893413
  0.23753065    0.03014340
  0.22443612    0.03122128
  0.21160464    0.03216577
  0.19904879    0.03297518
  0.18678090    0.03364817
  0.17481302    0.03418373
  0.16315696    0.03458119
  0.15182421    0.03484020
  0.14082600    0.03496074
  0.13017323    0.03494310
  0.11987647    0.03478784
  0.10994598    0.03449584
  0.10039166    0.03406820
  0.09122305    0.03350630
  0.08244932    0.03281171
  0.07407928    0.03198619
  0.06612131    0.03103169
  0.05858341    0.02995026
  0.05147316    0.02874410
  0.04479769    0.02741547
  0.03856373    0.02596668
  0.03277754    0.02440006
  0.02744492    0.02271795
  0.02257122    0.02092263
  0.01816129    0.01901634
  0.01421953    0.01700122
  0.01074983    0.01487931
  0.00775558    0.01265250
  0.00523970    0.01032255
  0.00320457    0.00789102
  0.00165208    0.00535932
  0.00058361    0.00272864
  0.00000000    0.00000001
 -0.00009385   -0.00278878
  0.00030647   -0.00559980
  0.00120037   -0.00843188
  0.00258681   -0.01128352
  0.00446429   -0.01415292
  0.00683088   -0.01703795
  0.00968418   -0.01993623
  0.01302135   -0.02284509
  0.01683911   -0.02576161
  0.02113372   -0.02868266
  0.02590100   -0.03160488
  0.03113632   -0.03452477
  0.03683461   -0.03743866
  0.04299035   -0.04034277
  0.04959761   -0.04323322
  0.05664998   -0.04610611
  0.06414065   -0.04895747
  0.07206236   -0.05178336
  0.08040742   -0.05457987
  0.08916775   -0.05734317
  0.09833481   -0.06006950
  0.10789969   -0.06275524
  0.11785303   -0.06539689
  0.12818510   -0.06799115
  0.13888578   -0.07053490
  0.14994455   -0.07302522
  0.16135053   -0.07545943
  0.17309248   -0.07783507
  0.18515877   -0.08014994
  0.19753747   -0.08240210
  0.21021629   -0.08458989
  0.22318263   -0.08671188
  0.23642357   -0.08876692
  0.24992590   -0.09075415
  0.26367614   -0.09267293
  0.27766052   -0.09452291
  0.29186505   -0.09630394
  0.30627547   -0.09801613
  0.32087731   -0.09965980
  0.33565590   -0.10123548
  0.35059639   -0.10274387
  0.36568372   -0.10418587
  0.38090271   -0.10556251
  0.39623803   -0.10687496
  0.41167424   -0.10812452
  0.42719576   -0.10931259
  0.44278696   -0.11044063
  0.45843213   -0.11151019
  0.47411549   -0.11252288
  0.48982126   -0.11348032
  0.49982498   -0.11406185
  0.50983126   -0.11462232
  0.51984005   -0.11516232
  0.52985129   -0.11568245
  0.53986489   -0.11618327
  0.54988080   -0.11666530
  0.55989896   -0.11712905
  0.56991931   -0.11757498
  0.57994178   -0.11800354
  0.58996634   -0.11841515
  0.59999293   -0.11881021
  0.61002151   -0.11918909
  0.62005203   -0.11955214
  0.63008446   -0.11989968
  0.64011875   -0.12023201
  0.65015488   -0.12054941
  0.66019281   -0.12085213
  0.67023251   -0.12114042
  0.68027396   -0.12141448
  0.69031713   -0.12167451
  0.70036200   -0.12192068
  0.71040855   -0.12215314
  0.72045678   -0.12237203
  0.73050665   -0.12257745
  0.74055817   -0.12276951
  0.75061132   -0.12294827
  0.76066609   -0.12311378
  0.77072249   -0.12326609
  0.78078051   -0.12340521
  0.79084014   -0.12353113
  0.80090140   -0.12364385
  0.81096429   -0.12374332
  0.82102881   -0.12382948
  0.83109497   -0.12390226
  0.84116278   -0.12396158
  0.85123227   -0.12400731
  0.86130343   -0.12403934
  0.87137630   -0.12405752
  0.88145088   -0.12406169
  0.89152721   -0.12405167
  0.90160531   -0.12402727
  0.91168519   -0.12398828
  0.92176690   -0.12393446
  0.93185046   -0.12386557
  0.94193590   -0.12378135
  0.95202325   -0.12368152
  0.96211256   -0.12356579
  0.97220386   -0.12343384
  0.98229719   -0.12328534
  0.99254615   -0.12186935
