           1
         200
  0.99756405   -0.06975647
  0.98777358   -0.06641090
  0.97789402   -0.06433924
  0.96801331   -0.06228420
  0.95813145   -0.06024546
  0.94824847   -0.05822271
  0.93836440   -0.05621564
  0.92847925   -0.05422399
  0.91859305   -0.05224747
  0.90870580   -0.05028586
  0.89881752   -0.04833892
  0.88892824   -0.04640643
  0.87903795   -0.04448820
  0.86914668   -0.04258406
  0.85925444   -0.04069383
  0.84936124   -0.03881738
  0.83946708   -0.03695457
  0.82957197   -0.03510530
  0.81967593   -0.03326948
  0.80977895   -0.03144703
  0.79988103   -0.02963790
  0.78998219   -0.02784204
  0.78008243   -0.02605944
  0.77018173   -0.02429010
  0.76028011   -0.02253403
  0.75037756   -0.02079128
  0.74047407   -0.01906188
  0.73056964   -0.01734593
  0.72066427   -0.01564350
  0.71075794   -0.01395472
  0.70085065   -0.01227972
  0.69094238   -0.01061864
  0.68103313   -0.00897167
  0.67112288   -0.00733899
  0.66121161   -0.00572083
  0.65129932   -0.00411741
  0.64138597   -0.00252900
  0.63147155   -0.00095588
  0.62155605    0.00060166
  0.61163943    0.00214328
  0.60172168    0.00366865
  0.59180276    0.00517737
  0.58188265    0.00666906
  0.57196132    0.00814330
  0.56203873    0.00959963
  0.55211487    0.01103758
  0.54218968    0.01245665
  0.53226313    0.01385630
  0.52233519    0.01523599
  0.51240581    0.01659511
  0.50247495    0.01793306
  0.48687506    0.01999001
  0.47128661    0.02198846
  0.45572480    0.02392378
  0.44020482    0.02579141
  0.42474178    0.02758682
  0.40935075    0.02930559
  0.39404676    0.03094336
  0.37884471    0.03249594
  0.36375942    0.03395923
  0.34880563    0.03532933
  0.33399790    0.03660249
  0.31935071    0.03777518
  0.30487835    0.03884408
  0.29059496    0.03980613
  0.27651452    0.04065849
  0.26265079    0.04139863
  0.24901735    0.04202428
  0.23562756    0.04253348
  0.22249456    0.04292457
  0.20963124    0.04319622
  0.19705024    0.04334740
  0.18476394    0.04337741
  0.17278443    0.04328589
  0.16112354    0.04307277
  0.14979277    0.04273832
  0.13880332    0.04228310
  0.12816607    0.04170795
  0.11789155    0.04101402
  0.10798995    0.04020269
  0.09847110    0.03927561
  0.08934446    0.03823463
  0.08061912    0.03708181
  0.07230375    0.03581937
  0.06440664    0.03444968
  0.05693567    0.03297524
  0.04989828    0.03139861
  0.04330150    0.02972244
  0.03715191    0.02794937
  0.03145563    0.02608207
  0.02621836    0.02412318
  0.02144529    0.02207525
  0.01714117    0.01994077
  0.01331028    0.01772212
  0.00995638    0.01542153
  0.00708278    0.01304107
  0.00469229    0.01058263
  0.00278720    0.00804793
  0.00136934    0.00543845
  0.00044000    0.00275546
  0.00000000    0.00000000
  0.00005224   -0.00278988
  0.00059913   -0.00557609
  0.00164002   -0.00835751
  0.00317380   -0.01113268
  0.00519889   -0.01389988
  0.00771322   -0.01665711
  0.01071430   -0.01940209
  0.01419914   -0.02213230
  0.01816430   -0.02484502
  0.02260590   -0.02753730
  0.02751959   -0.03020602
  0.03290055   -0.03284791
  0.03874353   -0.03545958
  0.04504283   -0.03803754
  0.05179231   -0.04057824
  0.05898537   -0.04307809
  0.06661500   -0.04553352
  0.07467375   -0.04794094
  0.08315374   -0.05029688
  0.09204668   -0.05259791
  0.10134387   -0.05484074
  0.11103619   -0.05702220
  0.12111414   -0.05913932
  0.13156783   -0.06118929
  0.14238697   -0.06316952
  0.15356093   -0.06507766
  0.16507867   -0.06691158
  0.17692886   -0.06866944
  0.18909977   -0.07034964
  0.20157937   -0.07195087
  0.21435532   -0.07347209
  0.22741494   -0.07491257
  0.24074528   -0.07627182
  0.25433311   -0.07754967
  0.26816493   -0.07874619
  0.28222697   -0.07986174
  0.29650524   -0.08089692
  0.31098552   -0.08185258
  0.32565338   -0.08272980
  0.34049418   -0.08352986
  0.35549313   -0.08425427
  0.37063525   -0.08490468
  0.38590544   -0.08548293
  0.40128843   -0.08599100
  0.41676888   -0.08643098
  0.43233130   -0.08680508
  0.44796018   -0.08711559
  0.46363988   -0.08736489
  0.47935475   -0.08755538
  0.49508910   -0.08768953
  0.50510952   -0.08774672
  0.51513142   -0.08778272
  0.52515476   -0.08779817
  0.53517950   -0.08779364
  0.54520559   -0.08776970
  0.55523300   -0.08772688
  0.56526170   -0.08766568
  0.57529165   -0.08758657
  0.58532282   -0.08749001
  0.59535518   -0.08737641
  0.60538871   -0.08724618
  0.61542337   -0.08709969
  0.62545915   -0.08693728
  0.63549601   -0.08675929
  0.64553395   -0.08656600
  0.65557293   -0.08635772
  0.66561295   -0.08613468
  0.67565398   -0.08589714
  0.68569601   -0.08564529
  0.69573902   -0.08537935
  0.70578301   -0.08509947
  0.71582797   -0.08480582
  0.72587387   -0.08449853
  0.73592073   -0.08417770
  0.74596852   -0.08384343
  0.75601725   -0.08349581
  0.76606691   -0.08313487
  0.77611749   -0.08276066
  0.78616901   -0.08237319
  0.79622145   -0.08197246
  0.80627481   -0.08155846
  0.81632911   -0.08113114
  0.82638435   -0.08069044
  0.83644053   -0.08023631
  0.84649765   -0.07976863
  0.85655572   -0.07928731
  0.86661476   -0.07879221
  0.87667478   -0.07828319
  0.88673577   -0.07776009
  0.89679777   -0.07722273
  0.90686077   -0.07667092
  0.91692481   -0.07610444
  0.92698988   -0.07552306
  0.93705601   -0.07492653
  0.94712322   -0.07431459
  0.95719153   -0.07368697
  0.96726095   -0.07304336
  0.97733152   -0.07238345
  0.98740324   -0.07170692
  0.99756405   -0.06975647
