           1
         100
  0.50000000    0.50000000
  0.49605735    0.50000000
  0.48429158    0.50000000
  0.46488824    0.50000000
  0.43815334    0.50000000
  0.40450850    0.50000000
  0.36448431    0.50000000
  0.31871199    0.50000000
  0.26791340    0.50000000
  0.21288965    0.50000000
  0.15450850    0.50000000
  0.09369066    0.50000000
  0.03139526    0.50000000
 -0.03139526    0.50000000
 -0.09369066    0.50000000
 -0.15450850    0.50000000
 -0.21288965    0.50000000
 -0.26791340    0.50000000
 -0.31871199    0.50000000
 -0.36448431    0.50000000
 -0.40450850    0.50000000
 -0.43815334    0.50000000
 -0.46488824    0.50000000
 -0.48429158    0.50000000
 -0.49605735    0.50000000
 -0.50000000    0.50000000
 -0.50000000    0.49605735
 -0.50000000    0.48429158
 -0.50000000    0.46488824
 -0.50000000    0.43815334
 -0.50000000    0.40450850
 -0.50000000    0.36448431
 -0.50000000    0.31871199
 -0.50000000    0.26791340
 -0.50000000    0.21288965
 -0.50000000    0.15450850
 -0.50000000    0.09369066
 -0.50000000    0.03139526
 -0.50000000   -0.03139526
 -0.50000000   -0.09369066
 -0.50000000   -0.15450850
 -0.50000000   -0.21288965
 -0.50000000   -0.26791340
 -0.50000000   -0.31871199
 -0.50000000   -0.36448431
 -0.50000000   -0.40450850
 -0.50000000   -0.43815334
 -0.50000000   -0.46488824
 -0.50000000   -0.48429158
 -0.50000000   -0.49605735
 -0.50000000   -0.50000000
 -0.49605735   -0.50000000
 -0.48429158   -0.50000000
 -0.46488824   -0.50000000
 -0.43815334   -0.50000000
 -0.40450850   -0.50000000
 -0.36448431   -0.50000000
 -0.31871199   -0.50000000
 -0.26791340   -0.50000000
 -0.21288965   -0.50000000
 -0.15450850   -0.50000000
 -0.09369066   -0.50000000
 -0.03139526   -0.50000000
  0.03139526   -0.50000000
  0.09369066   -0.50000000
  0.15450850   -0.50000000
  0.21288965   -0.50000000
  0.26791340   -0.50000000
  0.31871199   -0.50000000
  0.36448431   -0.50000000
  0.40450850   -0.50000000
  0.43815334   -0.50000000
  0.46488824   -0.50000000
  0.48429158   -0.50000000
  0.49605735   -0.50000000
  0.50000000   -0.50000000
  0.50000000   -0.49605735
  0.50000000   -0.48429158
  0.50000000   -0.46488824
  0.50000000   -0.43815334
  0.50000000   -0.40450850
  0.50000000   -0.36448431
  0.50000000   -0.31871199
  0.50000000   -0.26791340
  0.50000000   -0.21288965
  0.50000000   -0.15450850
  0.50000000   -0.09369066
  0.50000000   -0.03139526
  0.50000000    0.03139526
  0.50000000    0.09369066
  0.50000000    0.15450850
  0.50000000    0.21288965
  0.50000000    0.26791340
  0.50000000    0.31871199
  0.50000000    0.36448431
  0.50000000    0.40450850
  0.50000000    0.43815334
  0.50000000    0.46488824
  0.50000000    0.48429158
  0.50000000    0.49605735
  0.50000000    0.50000000
