           1
         200
  0.49999895   -0.00436342
  0.49503289   -0.00266276
  0.49006030   -0.00160584
  0.48508672   -0.00056278
  0.48011215    0.00046658
  0.47513661    0.00148240
  0.47016012    0.00248482
  0.46518270    0.00347399
  0.46020436    0.00445004
  0.45522511    0.00541309
  0.45024497    0.00636325
  0.44526396    0.00730064
  0.44028208    0.00822534
  0.43529935    0.00913745
  0.43031578    0.01003705
  0.42533139    0.01092420
  0.42034619    0.01179898
  0.41536018    0.01266144
  0.41037338    0.01351161
  0.40538580    0.01434954
  0.40039745    0.01517526
  0.39540834    0.01598878
  0.39041848    0.01679012
  0.38542787    0.01757927
  0.38043654    0.01835622
  0.37544448    0.01912096
  0.37045171    0.01987345
  0.36545823    0.02061367
  0.36046405    0.02134156
  0.35546919    0.02205706
  0.35047364    0.02276011
  0.34547743    0.02345063
  0.34048054    0.02412854
  0.33548301    0.02479373
  0.33048482    0.02544610
  0.32548599    0.02608553
  0.32048654    0.02671189
  0.31548645    0.02732504
  0.31048575    0.02792482
  0.30548444    0.02851108
  0.30048253    0.02908364
  0.29548003    0.02964230
  0.29047695    0.03018687
  0.28547329    0.03071714
  0.28046907    0.03123289
  0.27546428    0.03173387
  0.27045895    0.03221983
  0.26545309    0.03269050
  0.26044669    0.03314561
  0.25543978    0.03358486
  0.25043235    0.03400794
  0.24256701    0.03463896
  0.23470825    0.03522736
  0.22686388    0.03577130
  0.21904170    0.03626900
  0.21124949    0.03671878
  0.20349502    0.03711903
  0.19573242    0.03746579
  0.18798501    0.03774522
  0.18029780    0.03795467
  0.17267887    0.03809346
  0.16513626    0.03816106
  0.15767794    0.03815717
  0.15031179    0.03808169
  0.14304561    0.03793473
  0.13588711    0.03771662
  0.12884388    0.03742789
  0.12192339    0.03706930
  0.11513297    0.03664181
  0.10847981    0.03614661
  0.10197095    0.03558508
  0.09561325    0.03495881
  0.08941339    0.03426959
  0.08337787    0.03351938
  0.07751300    0.03271035
  0.07182488    0.03184480
  0.06631937    0.03092520
  0.06100215    0.02995417
  0.05587864    0.02893443
  0.05095404    0.02786882
  0.04623331    0.02676026
  0.04172114    0.02561175
  0.03742201    0.02442633
  0.03334010    0.02320708
  0.02947938    0.02195707
  0.02584353    0.02067937
  0.02243598    0.01937703
  0.01925989    0.01805300
  0.01631817    0.01671020
  0.01361346    0.01535144
  0.01114815    0.01397938
  0.00892435    0.01259659
  0.00694391    0.01120546
  0.00520845    0.00980820
  0.00371930    0.00840686
  0.00247754    0.00700326
  0.00148402    0.00559903
  0.00073930    0.00419555
  0.00024371    0.00279398
 -0.00000266    0.00139524
  0.00000000    0.00000000
  0.00024959   -0.00137273
  0.00074374   -0.00270405
  0.00148156   -0.00399363
  0.00246190   -0.00524113
  0.00368338   -0.00644616
  0.00514438   -0.00760835
  0.00684306   -0.00872729
  0.00877735   -0.00980260
  0.01094495   -0.01083387
  0.01334336   -0.01182071
  0.01596987   -0.01276276
  0.01882155   -0.01365967
  0.02189527   -0.01451112
  0.02518774   -0.01531687
  0.02869545   -0.01607670
  0.03241472   -0.01679045
  0.03634171   -0.01745807
  0.04047238   -0.01807954
  0.04480257   -0.01865498
  0.04932794   -0.01918457
  0.05404401   -0.01966862
  0.05894614   -0.02010754
  0.06402956   -0.02050185
  0.06928938   -0.02085221
  0.07472056   -0.02115939
  0.08031794   -0.02142429
  0.08607624   -0.02164795
  0.09199007   -0.02183150
  0.09805389   -0.02197624
  0.10426210   -0.02208356
  0.11060894   -0.02215497
  0.11708857   -0.02219211
  0.12369504   -0.02219671
  0.13042230   -0.02217059
  0.13726418   -0.02211566
  0.14421444   -0.02203392
  0.15126672   -0.02192741
  0.15841458   -0.02179824
  0.16565147   -0.02164857
  0.17297077   -0.02148054
  0.18036575   -0.02129637
  0.18782963   -0.02109823
  0.19535552   -0.02088829
  0.20297336   -0.02066768
  0.21069151   -0.02042660
  0.21844889   -0.02016360
  0.22623789   -0.01988044
  0.23405090   -0.01957889
  0.24188026   -0.01926067
  0.24971829   -0.01892750
  0.25470947   -0.01870835
  0.25970106   -0.01848414
  0.26469307   -0.01825518
  0.26968551   -0.01802176
  0.27467840   -0.01778417
  0.27967173   -0.01754268
  0.28466553   -0.01729753
  0.28965979   -0.01704896
  0.29465453   -0.01679720
  0.29964976   -0.01654246
  0.30464548   -0.01628494
  0.30964171   -0.01602482
  0.31463844   -0.01576230
  0.31963570   -0.01549752
  0.32463349   -0.01523063
  0.32963181   -0.01496179
  0.33463067   -0.01469112
  0.33963008   -0.01441874
  0.34463006   -0.01414475
  0.34963060   -0.01386926
  0.35463172   -0.01359235
  0.35963342   -0.01331410
  0.36463571   -0.01303457
  0.36963860   -0.01275383
  0.37464211   -0.01247192
  0.37964622   -0.01218887
  0.38465097   -0.01190473
  0.38965635   -0.01161950
  0.39466237   -0.01133319
  0.39966905   -0.01104580
  0.40467639   -0.01075733
  0.40968441   -0.01046776
  0.41469311   -0.01017705
  0.41970250   -0.00988518
  0.42471260   -0.00959209
  0.42972341   -0.00929774
  0.43473496   -0.00900205
  0.43974724   -0.00870497
  0.44476028   -0.00840640
  0.44977409   -0.00810626
  0.45478867   -0.00780445
  0.45980405   -0.00750087
  0.46482024   -0.00719539
  0.46983724   -0.00688791
  0.47485509   -0.00657828
  0.47987379   -0.00626637
  0.48489336   -0.00595203
  0.48991382   -0.00563511
  0.49493519   -0.00531543
  0.49996297   -0.00436311
